2288045692
1676325248
1844083902
1676319136
1653961394
1890608232
1890345344
1890341892
1890341608
1890333343
1890246731
1653961638
2326829275
2326829273
2326829271
2326829269
2326829267
2326829265
2318786558
2318786556
2318786554
2318786552
2318786550
2318786548
2318786546
2318786544
2318786542
2318786540
2318786538
2318786536
2318786534
2318786532
2318786530
2318786528
2318786526
2318786524
2318786522
2318786520
2318786518
2318786516
2318786514
2318786512
2318786510
2318786508
2318786506
2318786504
2318786502
2318786500
2318786498
2318786496
2318786494
2318786492
2318786490
2318786488
2318786486
2318786484
2318786482
2318786480
2318786478
2318786476
2318786474
2318786472
2318786470
2318786468
2318786466
2318786464
2318786462
2318786460
2318786458
2318786456
2318786454
2318786452
2318786450
2318786448
2318786446
2318786444
2318786442
2318786440
2318786438
2318786436
2318786434
2318786432
2318786430
2318786428
2318786426
2318786424
2318786422
2318786420
2318786418
2318786416
2318786414
2318786412
2318786410
2318786408
2318786406
2318786404
2318786402
2318786400
2318786398
2318786396
2318786394
2318786392
2318786390
2318786388
2318786386
2318786384
2318786382
2318786380
2318786378
2318786376
2318786374
2318786372
2318786370
2318786368
2318786366
2318786364
2318786362
2318786360
2318786358
2318786356
2318786354
2318786352
2318786350
2318786348
2318786346
2318786344
2318786342
2318786340
2318786338
2318786336
2318786334
2318786332
2318786330
2318786328
2318786326
2318786324
2318786322
2318786320
2318786318
2318786316
2318786314
2318786312
2318786310
2318786308
2318786306
2318786304
2318786302
2318786300
2318786298
2318786296
2318786294
2318786292
2318786290
2318786288
2318786286
2318786284
2318786282
2318786280
2318786278
2318786276
2318786274
2318786272
2318786270
2318786268
2318786266
2318786264
2318786262
2318786260
2318786258
2318786256
2318786254
2318786252
2318786250
2318786248
2318786246
2318786244
2318786242
2318786240
2318786238
2318786236
2318786234
2318786232
2318786230
2318786228
2318786226
2318786224
2318786222
2318786220
2318786218
2318786216
2318786214
2318786212
2318786210
2318786208
2318786206
2318786204
2318786202
2318786200
2318786198
2318786196
2318786194
2318786192
2318786190
2318786188
2318786186
2318786184
2318786182
2318786180
2250490233
2250490231
2250490229
2250490227
2250490225
2250490223
2250490221
2250490219
2250490217
2250490215
2250490213
2250490211
2250490209
2250490207
2250490205
2250490203
2250490201
2250490199
2250489572
2250489570
1653960742
1941160438
1941160436
1941160434
1941160432
1941160430
1941160428
1941160426
1941160424
1941160422
1941160420
1941160418
1941160416
1941160414
1941160412
1941160409
1941160407
1941160405
1941160403
1941160401
1941160399
1941160397
1941160395
1941160393
1941160391
1941160389
1941160387
1941160385
1941160383
1941160381
1941160379
1941160377
1941160375
1941160373
1941160371
1941160369
1941160367
1941160365
1941160363
1941160360
1941160358
1941160356
1941160354
1941160352
1941160350
1941160348
1941160346
1941160344
1941160342
1941160340
1941160338
1941160336
1941160334
1941160332
1941160330
1941160328
1941160326
1941160324
1941160322
1941160320
1941160318
1941160316
1941160314
1941160312
1941160310
1941160308
1941160306
1941160304
1941160302
1941160300
1941160298
1941160295
1941160293
1941160291
1941160289
1941160287
1941160285
1941160283
1941160281
1941160279
1941160277
1941160275
1941160273
1941160271
1941160269
1941160267
1941160265
1941160263
1941160261
1941160259
1941160257
1941160255
1941160253
1941160251
1941160248
1941160246
1941160244
1941160242
1941160240
1941160238
1941160236
1941160234
1941160232
1941160230
1941160228
1941160226
1941160224
1941160222
1941160220
1941160218
1941160216
1941160214
1941160212
1941160210
1941160208
1941160206
1941160204
1941160202
1941160200
1941160198
1941160196
1941160194
1941160192
1941160189
1941160187
1941160185
1941160183
1941160181
1941160179
1941160177
1941160175
1941160173
1941160171
1941160169
1941160167
1941160165
1941160163
1941160161
1941160159
1941160157
1941160155
1941160153
1941160151
1941160149
1941160147
1941160145
1941160143
1941160141
1941160139
1941160137
1941160135
1941160132
1941160130
1941160128
1941160126
1941160124
1941160122
1941160120
1941160118
1941160116
1941160114
1941160112
1941160110
1941160108
1941160106
1941160104
1941160102
1941160100
1941160098
1941160096
1941160094
1941160092
1941160090
1941160088
1941160086
1941160084
1941160082
1941160080
1941160078
1941160076
1941160074
1941160071
1941160069
1941160067
1941160065
1941160063
1941160061
1941160059
1941160057
1941160055
1941160053
1941160051
1941160049
1941160047
1941160045
1941160043
1941160041
1941160039
1941160037
1941160035
1941160033
1941160031
1941160029
1941160027
1941160025
1941160023
1941160021
1941160018
1941160016
1941160014
1941160012
1941160010
1941160008
1941160006
1941160004
1941160002
1941160000
1941159998
1941159996
1941159994
1941159992
1941159990
1941159988
1941159986
1941159984
1941159982
1941159980
1941159978
1941159976
1941159974
1941159972
1941159970
1941159968
1941159966
1941159964
1925663119
1925663024
1925662934
1925662781
1925662691
1925662566
1925662473
1925662391
1925662309
1925662236
1925662163
1925662100
1925662015
1925661941
1818984971
1818984969
1772372002
1772372000
1772371998
1772371996
1772371994
1772371992
1722692908
1722692976
1722692974
1722692972
1722692970
1722692968
1722692966
1722692964
1722692962
1722692960
1722692958
1722692956
1722692954
1722692952
1722692950
1722692948
1722692946
1722692944
1722692942
1722692940
1722692938
1722692936
1722692934
1722692932
1722692930
1722692928
1722692926
1722692924
1722692922
1722692920
1722692918
1722692916
1722692914
1722692912
1722692910
1722692906
1722692904
1722692902
1722692900
1722692898
1722692896
1722692894
1722692892
1722692890
1722692888
1722692886
1722692884
1722692882
1722692880
1722692878
1722692876
1722692874
1722692872
1722692870
1722692868
1722692866
1722692864
1722692862
1722692860
1722692858
1722692856
1722692854
1722692852
1722692850
1722692848
1722692846
1722692844
1722692842
1722692840
1722692838
1722692836
1722692834
1722692832
1722692830
1722692828
1722692826
1722692824
1722692822
1722692820
1722692818
1722692816
1722692814
1722692812
1722692810
1722692808
1722692806
1722692804
1722692802
1722692800
1722692798
1722692796
1722692794
1722692792
1722692790
1722692788
1722692786
1722692784
1722692782
1722692780
1722692778
1722692776
1722692774
1722692772
1722692770
1722692768
1722692766
1722692764
1722692762
1722692760
1722692758
1722692756
1722692754
1722692752
1722692750
1722692748
1722692746
1722692744
1722692742
1722692740
1722692738
1722692736
1722692734
1722692732
1722692730
1722692728
1722692726
1722692724
1722692722
1722692720
1722692718
1722692716
1722692714
1722692712
1722692710
1722692708
1722692706
1722692704
1722692702
1722692700
1722692698
1722692696
1722692694
1722692692
1722692690
1722692688
1722692686
1722692684
1722692682
1722692680
1722692678
1722692676
1722692674
1722692672
1722692670
1722692668
1722692666
1722692664
1722692662
1722692660
1722692658
1584727607
1584727605
1584727603
1584727601
1584727599
1584727597
1584727595
1584727593
1584727581
1584727579
1584727577
1584727575
1584727573
1584727571
1584727569
1584727567
1584727565
1584727563
1584727561
1584727559
1584727557
1584727555
1584727553
1584727551
1584727549
1584727547
1584727545
1584727543
1584727541
1584727539
1584727537
1584727535
1584727533
1584727531
1584727529
1584727527
1584727525
1584727523
1584727521
1584727519
1584727517
1584727515
1584727513
1584727511
1584727509
1584727507
1584727505
1584727503
1510262264
1510262262
1301646222
1301646220
1147161384
1147161382
1147161380
1147161378
1046814935
1046814933
1044673621
1044673619
1044673617
1044673615
1044673613
1044673611
1044673609
1044673607
1044673605
1044673603
1044673601
1044673599
1044673597
1044673595
1044673593
1044673591
1044673589
1044673587
1044673585
1044673583
1044673581
1044673579
1044673577
1044673575
1044673573
1044673571
1044673569
1044673567
1044673565
1044673563
1044673561
1044673559
1044673557
1044673555
1044673553
1044673551
1044673549
1044673547
1044673545
1044673543
205371518
339832448
339779688
345786432
345786401
345786384
345786358
345786308
345786262
345786205
342674606
342674604
342674602
342674600
342674598
342674596
342674594
342674592
342674590
342674588
342674586
342674584
342674582
342674580
342674578
342674576
342674574
342674572
342674570
315488061
315488059
315488057
315488055
315488053
315488051
315488049
315488047
315488045
315488043
315488041
315488039
315488037
315488035
315488033
315488031
315488029
315488027
315488025
315488023
315488021
315488019
315488017
315488015
315488013
315488011
315488009
315488007
315488005
315488003
315488001
315487999
315487997
315487995
315487993
315487991
315487989
315487987
315487985
315487983
315487981
315487979
315487977
315487975
315487973
315487971
315487969
315487967
315487965
315487963
315487961
315487959
315487957
315487955
315487953
315487951
315487949
315487947
315487945
315487943
315487941
315487939
315487937
315487935
315487933
315487931
315487929
315487927
315487925
315487923
315487921
315487919
315487917
315487915
315487913
315487911
315487909
315487907
315487905
315487903
315487901
315487899
315487897
315487895
315487893
315487891
315487889
315487887
315487885
315487883
315487881
315487879
300498371
300498369
300498367
300498365
300498363
300498361
300498359
300498357
300498355
300498353
300498351
300498349
300498347
300498345
300498343
300498341
300498339
300498337
300498335
300498333
300498331
300498329
300498327
300498325
300498323
300498321
300498319
300498317
300498315
300498313
300498311
300498309
300498307
260075872
260075870
260075868
260075866
1023285739
1023285738
1023285737
1023285736
1023285735
1023285734
1023285733
1023285732
937970836
937970835
937970834
937970833
937970832
937970831
931309313
931309312
931309311
931309310
931309309
931309308
931309307
931309306
931309305
931309304
931309303
931309302
931309301
931309300
931309299
931309298
931309297
931309296
931309295
931309294
931309293
931309292
931309291
931309290
931309289
931309288
931309287
931309286
931309285
931309284
931309283
931309282
931309281
931309280
931309279
931309278
931309277
931309276
931309275
931309274
931309273
931309272
931309271
931309270
931309269
931309268
931309267
931309266
931309265
931309264
931309263
931309262
931309261
931309260
931309259
931309258
931309257
931309256
816457506
816457501
816457497
816457489
816457482
816457478
816457473
816457468
816457462
816457454
816457450
816457446
816457441
816457434
816457429
816457423
816457418
816457414
816457408
816457404
816457399
816457369
816457364
816457359
816457354
816457349
816457344
816457338
816457332
816457327
816457320
816457315
816457309
816457305
816457301
816457295
816457290
816457285
816457281
816457274
816457268
816457238
700653598
700653596
700653594
700653592
700653590
700653588
700653586
700653584
700653582
700653580
700653578
700653576
700653574
700653572
700653570
700653568
700653566
700653564
700653562
700653560
700653558
700653556
700653554
700653552
700653550
700653548
700653546
700653544
700653542
700653540
700653538
700653536
700653534
700653532
700653530
700653528
700653526
700653524
700653522
700653520
700653518
700653516
700653514
700653512
700653510
700653508
700653506
700653504
700653502
700653500
700653498
700653496
700653494
700653492
700653490
700653488
700653486
700653484
700653482
700653480
700653478
700653476
700653474
700653472
700653470
700653468
700653466
700653464
700653462
700653460
700653458
700653456
700653454
700653452
700653450
700653448
700653446
700653444
700653442
700653440
700653438
700653436
700653434
700653432
700653430
700653428
700653426
700653424
700653422
700653420
700653418
700653416
700653414
700653412
700653410
700653408
700653406
700653404
700653402
700653400
700653398
700653396
700653394
700653392
700653390
700653388
700653386
700653384
700653382
700653380
700653378
700653376
700653374
700653372
700653370
700653368
700653366
700653364
700653362
700653360
700653358
700653356
700653354
700653352
700653350
700653348
700653346
700653344
700653342
700653340
700653338
700653336
700653334
700653332
700653330
700653328
700653326
700653324
700653322
700653320
700653318
700653316
700653314
700653312
700653310
700653308
700653306
700653304
700653302
700653300
700653298
700653296
700653294
700653292
700653290
700653288
700653286
700653284
700653282
700653280
700653278
700653276
700653274
700653272
700653270
700653268
700653266
700653264
700653262
700653260
700653258
700653256
700653254
700653252
700653250
700653248
700653246
700653244
700653242
700653240
700653238
700653236
700653234
700653232
700653230
700653228
700653226
700653224
700653222
700653220
700653218
700653216
700653214
700653212
700653210
700653208
700653206
700653204
700653202
700653200
700653198
700653196
700653194
700653192
700653190
700653188
700653186
700653184
700653182
700653180
700653178
700653176
700653174
700653172
700653170
700653168
700653166
700653164
700653162
700653160
700653158
700653156
700653154
700653152
700653150
700653148
700653146
700653144
700653142
700653140
700653138
700653137
700653135
700653133
700653131
700653129
700653127
700653125
700653123
700653121
700653119
700653117
700653115
700653113
700653111
700653109
700653107
700653105
700653103
700653101
700653099
700653097
700653095
700653093
700653091
700653089
700653087
700653085
700653083
700653081
700653079
700653077
700653075
700653073
700653071
700653069
700653067
700653065
700653063
700653061
700653059
700653057
700653055
700653053
700653051
700653049
700653047
700653045
700653043
700653041
700653039
700653037
700653035
700653033
700653031
700653029
700653027
700653025
700653023
700653021
700653019
700653017
700653015
700653013
700653011
700653009
700653007
700653005
700653003
700653001
700652999
700652997
700652995
700652993
700652991
700652989
700652987
700652985
700652983
700652981
700652979
700652977
700652975
700652973
700652971
700652969
700652967
700652965
700652963
700652961
700652959
700652957
700652955
700652953
700652951
700652949
700652947
700652945
700652943
700652941
700652939
700652937
700652935
700652933
700652931
700652929
700652927
700652925
700652923
700652921
700652919
700652917
700652915
700652913
700652911
700652909
700652907
700652905
700652903
700652901
700652899
700652897
700652895
700652893
700652891
700652889
700652887
700652885
700652883
700652881
700652879
700652877
700652875
700652873
700652871
700652869
700652867
700652865
700652863
700652861
700652859
700652857
700652855
700652853
700652851
700652849
700652847
700652845
700652843
700652841
700652839
700652837
700652835
700652833
700652831
700652829
700652827
700652825
700652823
700652821
700652819
700652817
700652815
700652813
700652811
700652809
700652807
700652805
700652803
700652801
700652799
700652797
700652795
700652793
700652791
700652789
700652787
700652785
700652783
700652781
700652779
700652777
700652775
700652773
700652771
700652769
700652767
700652765
700652763
700652761
700652759
700652757
700652755
700652753
700652751
700652749
700652747
700652745
700652743
700652741
700652739
700652737
700652735
700652733
700652731
700652729
700652727
700652725
700652723
700652721
700652719
700652717
700652715
700652713
700652711
700652709
700652707
700652705
700652703
700652701
700652699
700652697
700652695
700652693
700652691
700652689
700652687
700652685
700652683
700652681
700652679
700652677
700652675
700652673
700652671
700652669
700652667
700652665
700652663
700652661
700652659
700652657
700652655
700652653
700652651
700652649
700652647
700652645
700652643
700652641
700652639
700652637
700652635
700652633
700652631
700652629
700652627
700652625
700652623
700652621
700652619
700652617
700652615
700652613
700652611
700652609
700652607
700652605
700652603
700652601
700652599
700652597
700652595
700652593
700652591
700652589
700652587
700652585
700652583
700652581
700652579
700652577
700652575
700652573
700652571
700652569
700652567
700652565
700652563
700652561
700652559
700652557
700652555
700652553
700652551
700652549
700652547
700652545
700652543
700652541
700652539
683427897
683427895
683427893
683427891
683427889
683427887
683427885
683427883
683427881
683427879
683427877
683427875
683427873
683427871
683427869
683427867
683427865
683427863
683427861
683427859
683427857
683427855
683427853
683427851
683427849
683427847
683427845
683427843
683427841
683427839
683427837
683427835
683427833
683427831
683427829
683427827
683427825
683427823
683427821
683427819
683427817
683427815
683427813
683427811
683427809
683427807
683427805
683427803
683427801
683427799
683427797
683427795
683427793
683427791
683427789
683427787
683427785
683427783
683427781
683427779
683427777
683427775
683427773
683427771
683427769
683427767
683427765
683427763
683427761
683427759
683427757
683427755
683427753
683427751
683427749
683427747
683427745
683427743
683427741
683427739
683427737
683427735
683427733
683427731
683427729
683427727
683427725
683427723
683427721
683427719
683427717
683427715
683427713
683427711
683427709
683427707
683427705
683427703
683427701
683427699
683427697
683427695
683427693
683427691
683427689
683427687
683427685
683427683
683427681
683427679
683427677
683427675
683427673
683427671
683427669
683427667
683427665
683427663
683427661
683427659
683427657
683427655
683427653
683427651
683427649
683427647
683427645
683427643
683427641
683427639
683427637
683427635
683427633
683427631
683427629
683427627
683427625
683427623
683427621
683427619
683427617
683427615
683427613
683427611
683427609
683427607
683427605
683427603
683427601
683427599
683427597
683427595
683427593
683427591
683427589
683427587
683427585
683427583
683427581
683427579
683427577
683427575
683427573
683427571
683427569
683427567
683427565
683427563
683427561
683427559
683427557
683427555
683427553
683427551
683427549
683427547
683427545
683427543
683427541
683427539
683427537
683427535
683427533
683427531
683427529
683427527
683427525
683427523
683427521
683427519
683427517
684775726
684775725
662617920
662617919
662617918
662617917
662617916
662617915
662617914
662617913
662617912
662617911
662617910
662617909
662617908
662617907
662617906
662617905
585379940
585379938
585379936
585379934
585379932
585379930
585379928
585379926
585379924
585379922
585379920
585379918
585379916
585379914
585379912
585379910
585379908
585379906
585379904
585379902
585379900
585379898
585379896
585379894
585379892
585379890
585379888
585379886
585379884
585379882
585379880
585379878
585379876
585379874
585379872
585379870
585379868
585379866
585379864
585379862
585379860
585379858
585379856
585379854
585379852
585379850
585379848
585379846
585379844
585379842
585379840
585379838
585379836
585379834
585379832
585379830
585379828
585379826
585379824
585379822
585379820
585379817
585379815
585379813
585379811
585379809
585379807
585379805
585379803
585379800
585379798
585379796
585379794
585379792
585379790
585379788
585379786
585379783
585379781
585379779
585379777
585379775
585379773
585379771
585379769
585379767
585379765
585379763
585379761
585379759
585379757
585379755
585379753
585379751
585379749
585379747
585379745
585379743
585379741
585379739
585379737
585379735
585379733
585379731
585379729
585379727
585379725
585379723
585379720
585379718
585379716
585379714
585379712
585379710
585379708
585379706
585379704
585379702
585379701
585379699
585379696
585379694
585379692
585379690
585379688
585379686
585379684
585379682
585379680
585379678
585379675
585379673
585379671
585379669
585379667
585379665
585379663
585379659
585379657
585379655
585379653
585379652
585379650
585379649
585379647
585379645
585379642
585379640
585379638
585379636
588280867
588280866
588280861
588280860
588280859
588280858
443497919
443497917
407259196
407259194
393384977
393384976
393384975
393384974
393384973
393384972
393384971
393384970
393384969
393384968
393384967
393384966
393384965
393384964
393384963
393384962
393384961
393384960
300498305
342519004
342518856
342518740
342518505
342518481
342518406
344049925
344049923
347889856
347889855
345786330
345786286
345786239
310728926
310728925
310728924
310728923
310728922
310728921
310728920
310728919
310728912
310728911
310728910
310728909
310728908
310728907
310728906
310728905
3023054
205371520
205371516
205371514
134124812
134124811
