4758346
1983827214
290457648
215274118
166214928
116242824
34223717
20178301
20140422
2498481
2497331
124474
124343
119876
2512654294
2512654293
2512654291
2512654290
2512654288
2512654287
2512654281
2512654280
2512654279
2512654278
2512654277
2512654276
2512654275
2512654274
2512654273
2512654272
2512654270
2512654269
2512654267
2512654266
2512654264
2512654263
2512654259
2512654258
2512654255
2512654254
2512654253
2512654252
2512654251
2512654250
2512654244
2512654243
2512654241
2512654240
2512654238
2512654237
2512654235
2512654234
2512654229
2512654228
2512654227
2512654226
2512654225
2512654224
2512654223
2512654222
2512654220
2512654219
2512654217
2512654216
2512654214
2512654213
2512654211
2512654210
2512654207
2512654206
2512654204
2512654203
2512654200
2512654199
2512654197
2512654196
2512654194
2512654193
2512654191
2512654190
295986608
2491199095
2491199094
2491199091
2491199090
2491199087
2491199086
2491199083
2491199082
2491199079
2491199078
2491199075
2491199074
2491199071
2491199070
2491199067
2491199066
2491199063
2491199062
2491199059
2491199058
2491199055
2491199054
2491199051
2491199050
2491199047
2491199046
2491199043
2491199042
2491199039
2491199038
2491199035
2491199034
2491199031
2491199030
2491199027
2491199026
2491199023
2491199022
2491199019
2491199018
2491199015
2491199014
2491199011
2491199010
2491199007
2491199006
2491199003
2491199002
2491198999
2491198998
2491198995
2491198994
2491198991
2491198990
2491198987
2491198986
2491198983
2491198982
2491198979
2491198978
2491198975
2491198974
2491198971
2491198970
2491198967
2491198966
2491198963
2491198962
2491198959
2491198958
2491198955
2491198954
2491198951
2491198950
2491198947
2491198946
2491198943
2491198942
2491198939
2491198938
2491198935
2491198934
2491198931
2491198930
2491198927
2491198926
2491198923
2491198922
2491198919
2491198918
2491198915
2491198914
2491198911
2491198910
2491198907
2491198906
2491198903
2491198902
2491198899
2491198898
2491198895
2491198894
2491198891
2491198890
2491198887
2491198886
2491198883
2491198882
1494592935
1494592934
2484083863
2484083862
2484083859
2484083858
2484083855
2484083854
1844083903
1784427402
1784427401
1784427399
1784427398
1784427396
1784427395
1784427393
1784427392
1784427386
1784427385
1784427383
1784427382
1784427380
1784427379
1784427377
1784427376
1784427370
1784427369
1784427366
1784427365
1784427364
1784427363
1784427361
1784427360
574279253
2431414578
2431414577
2431414576
2431414575
2428733286
2428733285
2428733284
2428733283
2428733282
2428733281
2428733278
2428733277
2428733276
2428733275
2288045693
372466586
209862839
2416129127
2416129126
2416129123
2416129122
2416129121
2416129120
2416129113
2416129112
2416129109
2416129108
2416129107
2416129106
1890345345
1890341893
1890341609
1890333344
1890246732
1653961639
2326829276
2326829274
2326829272
2326829270
2326829268
2326829266
2318786559
2318786557
2318786555
2318786553
2318786551
2318786549
2318786547
2318786545
2318786543
2318786541
2318786539
2318786537
2318786535
2318786533
2318786531
2318786529
2318786527
2318786525
2318786523
2318786521
2318786519
2318786517
2318786515
2318786513
2318786511
2318786509
2318786507
2318786505
2318786503
2318786501
2318786499
2318786497
2318786495
2318786493
2318786491
2318786489
2318786487
2318786485
2318786483
2318786481
2318786479
2318786477
2318786475
2318786473
2318786471
2318786469
2318786467
2318786465
2318786463
2318786461
2318786459
2318786457
2318786455
2318786453
2318786451
2318786449
2318786447
2318786445
2318786443
2318786441
2318786439
2318786437
2318786435
2318786433
2318786431
2318786429
2318786427
2318786425
2318786423
2318786421
2318786419
2318786417
2318786415
2318786413
2318786411
2318786409
2318786407
2318786405
2318786403
2318786401
2318786399
2318786397
2318786395
2318786393
2318786391
2318786389
2318786387
2318786385
2318786383
2318786381
2318786379
2318786377
2318786375
2318786373
2318786371
2318786369
2318786367
2318786365
2318786363
2318786361
2318786359
2318786357
2318786355
2318786353
2318786351
2318786349
2318786347
2318786345
2318786343
2318786341
2318786339
2318786337
2318786335
2318786333
2318786331
2318786329
2318786327
2318786325
2318786323
2318786321
2318786319
2318786317
2318786315
2318786313
2318786311
2318786309
2318786307
2318786305
2318786303
2318786301
2318786299
2318786297
2318786295
2318786293
2318786291
2318786289
2318786287
2318786285
2318786283
2318786281
2318786279
2318786277
2318786275
2318786273
2318786271
2318786269
2318786267
2318786265
2318786263
2318786261
2318786259
2318786257
2318786255
2318786253
2318786251
2318786249
2318786247
2318786245
2318786243
2318786241
2318786239
2318786237
2318786235
2318786233
2318786231
2318786229
2318786227
2318786225
2318786223
2318786221
2318786219
2318786217
2318786215
2318786213
2318786211
2318786209
2318786207
2318786205
2318786203
2318786201
2318786199
2318786197
2318786195
2318786193
2318786191
2318786189
2318786187
2318786185
2318786183
2318786181
2264403311
2264403310
2264403309
2264403308
2264403307
2264403306
635576576
635576575
635576574
635576573
635576572
635576571
635576570
635576569
635576568
635576567
635576566
635576565
635576564
635576563
635576562
635576561
635576560
635576559
635576558
635576557
635576556
635576555
635576554
635576553
2211074373
2211074372
2211074369
2211074368
2211074365
2211074364
2211074359
2211074358
2211074355
2211074354
2211074351
2211074350
2051286884
2051286883
2051286881
2051286880
2051286878
2051286877
2250490234
2250490232
2250490230
2250490228
2250490226
2250490224
2250490222
2250490220
2250490218
2250490216
2250490214
2250490212
2250490210
2250490208
2250490206
2250490204
2250490202
2250490200
2250489573
2250489571
2250127368
2250127367
2250127366
2250127365
2250127364
2250127363
2250127362
2250127361
2250127358
2250127357
2250127354
2250127353
2250127350
2250127349
2250127346
2250127345
2127821016
2127821015
2127821012
2127821011
2127821008
2127821007
2127820806
2127820803
2127820802
2127820799
2127820798
2127820795
887492671
887492670
887492668
887492667
887492656
887492655
887492653
887492652
887492649
887492648
887492647
887492646
2177198204
2177198203
2177198202
2177198201
2177198198
2177198197
2177198196
2177198195
2177198192
2177198191
2177198190
2177198189
1914285037
1914285036
1914285034
1914285033
225698105
225698104
225698103
2073955906
2073955905
2073955902
2073955901
2073955898
2073955897
2043688304
2043688303
2043688302
2043688301
2043688298
2043688297
2043688296
2043688295
2038649008
2038649007
2038649004
2038649003
2038649000
2038648999
1951689525
1951689524
1951689523
1951689522
1951689507
1951689506
1951689505
1951689504
1950846316
1950846315
1950846312
1950846311
1938938307
1938922906
1938922905
1938922904
1938922903
1938922902
1938922901
1938922900
1938922899
1938922898
1938922897
1938922896
1938922895
1938922894
1938922893
1938922892
1938922891
1938922890
1938922889
1938922888
1938922887
1938922886
1938922885
1938922884
1938922883
1864382770
1864382769
1864382768
1864382767
1864382766
1864382765
1864382758
1864382757
1864382755
1864382754
1685822598
1685822597
1653017351
1653017350
1653017349
1653017348
1581447738
1581447737
1581447734
1581447733
1581447730
1581447729
1516608248
1516608247
1446209850
1446209849
1312330923
1312330922
1312330921
1312330920
1285033769
1285033768
1279526479
1279526478
1279526477
1279526476
1227483650
1227483649
1199299616
1199299615
1199299614
1199299613
529281247
529281246
449802639
449802638
449802637
449802636
449802635
449802634
449802633
449802632
449802631
449802630
449802629
449802628
449802627
449802626
449802625
449802624
449802623
430800998
430800997
430800996
430800995
405944991
405944990
405944989
405944988
405944987
405944986
405944985
405944984
402550437
402550436
402550435
402550434
402550433
402550432
402550431
402550430
402550429
402550428
402550427
402550426
402550425
402550424
402550423
402550422
401871659
401871658
401871655
401871654
401871653
401871652
401871651
401871650
401871628
401871627
401871626
401871625
401871617
401871616
2043688316
2043688315
2043688314
2043688313
2043688310
2043688309
2043688307
2043688306
2043688292
2043688291
2043688289
2043688288
2043688286
2043688285
2043688283
2043688282
2043688280
2043688279
1951689518
1951689517
1951689516
1951689515
1951689514
1951689513
1951689512
1951689511
430800994
430800993
430800992
430800991
430800990
430800989
430800988
430800987
430800986
430800985
430800984
430800983
405944979
405944978
405944977
405944976
2027070643
2027070642
2015436641
2015436640
1951684480
1951684479
1951684478
1951684477
1951684473
1951684472
1951684470
1951684469
1951684468
1951684467
1951684466
1951684465
1951684464
1951684463
1951684458
1951684457
1951684455
1951684454
1950846320
1950846319
1950846308
1950846307
1950844939
1950844938
1950844937
1950844936
1950844935
1950844934
1950844927
1950844926
1950844925
1950844924
1950844923
1950844922
1950844915
1950844914
1950844913
1950844912
1950844911
1950844910
1950844903
1950844902
1950844901
1950844900
1950844899
1950844898
1941160439
1941160437
1941160435
1941160433
1941160431
1941160429
1941160427
1941160425
1941160423
1941160421
1941160419
1941160417
1941160415
1941160413
1941160410
1941160408
1941160406
1941160404
1941160402
1941160400
1941160398
1941160396
1941160394
1941160392
1941160390
1941160388
1941160386
1941160384
1941160382
1941160380
1941160378
1941160376
1941160374
1941160372
1941160370
1941160368
1941160366
1941160364
1941160361
1941160359
1941160357
1941160355
1941160353
1941160351
1941160349
1941160347
1941160345
1941160343
1941160341
1941160339
1941160337
1941160335
1941160333
1941160331
1941160329
1941160327
1941160325
1941160323
1941160321
1941160319
1941160317
1941160315
1941160313
1941160311
1941160309
1941160307
1941160305
1941160303
1941160301
1941160299
1941160296
1941160294
1941160292
1941160290
1941160288
1941160286
1941160284
1941160282
1941160280
1941160278
1941160276
1941160274
1941160272
1941160270
1941160268
1941160266
1941160264
1941160262
1941160260
1941160258
1941160256
1941160254
1941160252
1941160249
1941160247
1941160245
1941160243
1941160241
1941160239
1941160237
1941160235
1941160233
1941160231
1941160229
1941160227
1941160225
1941160223
1941160221
1941160219
1941160217
1941160215
1941160213
1941160211
1941160209
1941160207
1941160205
1941160203
1941160201
1941160199
1941160197
1941160195
1941160193
1941160190
1941160188
1941160186
1941160184
1941160182
1941160180
1941160178
1941160176
1941160174
1941160172
1941160170
1941160168
1941160166
1941160164
1941160162
1941160160
1941160158
1941160156
1941160154
1941160152
1941160150
1941160148
1941160146
1941160144
1941160142
1941160140
1941160138
1941160136
1941160133
1941160131
1941160129
1941160127
1941160125
1941160123
1941160121
1941160119
1941160117
1941160115
1941160113
1941160111
1941160109
1941160107
1941160105
1941160103
1941160101
1941160099
1941160097
1941160095
1941160093
1941160091
1941160089
1941160087
1941160085
1941160083
1941160081
1941160079
1941160077
1941160075
1941160072
1941160070
1941160068
1941160066
1941160064
1941160062
1941160060
1941160058
1941160056
1941160054
1941160052
1941160050
1941160048
1941160046
1941160044
1941160042
1941160040
1941160038
1941160036
1941160034
1941160032
1941160030
1941160028
1941160026
1941160024
1941160022
1941160019
1941160017
1941160015
1941160013
1941160011
1941160009
1941160007
1941160005
1941160003
1941160001
1941159999
1941159997
1941159995
1941159993
1941159991
1941159989
1941159987
1941159985
1941159983
1941159981
1941159979
1941159977
1941159975
1941159973
1941159971
1941159969
1941159967
1941159965
1787099052
1787099051
1787099049
1787099048
1787099046
1787099045
1787099043
1787099042
1787099040
1787099039
1787099037
1787099036
1787098974
1787098973
1787098971
1787098970
1787098968
1787098967
1784427534
1784427533
1784427531
1784427530
1784427528
1784427527
1784427525
1784427524
1784427344
1784427343
1784427342
1784427341
1784427334
1784427333
1679884597
1679884596
1679884595
1679884594
1679884590
1679884589
1653017355
1653017354
1653017353
1653017352
1635514150
1635514149
1635514146
1635514145
1604180540
1604180539
1604180537
1604180536
1604180534
1604180533
1604180531
1604180530
1573679681
1573679680
1573679678
1573679677
1573679675
1573679674
1573679673
1573679671
1573679669
1573679668
1573679666
1573679665
1573679664
1573679662
1573679242
1573679241
1573679240
1573679239
1565770142
1565770141
1559970258
1559970257
1559970255
1559970254
1559970251
1559970250
1559970026
1559970025
1559970024
1559970023
1559970021
1559970020
1559970018
1559970017
1498803080
1498803079
1498803078
1498803077
1498803076
1498803075
1498803068
1498803067
1498803066
1498803065
1498803064
1498803063
1498803056
1498803055
1498803054
1498803053
1486941266
1486941265
1474891415
1474891414
1474891413
1474891412
1402403166
1402403165
1402403164
1402403163
1402403162
1402403161
1402403160
1402403155
1402403154
1402403153
1402403150
1402403145
1345622669
1345622668
1345622666
1345622665
1345622664
1345622663
1345622662
1345622661
1345622660
1345622659
1345622658
1345622657
1345622656
1345622655
1335514449
1335514448
1335514447
1321391210
1321391209
1321391185
1321391184
1279526760
1279526759
1279526758
1279526757
1272615774
1272615773
1272615772
1272615771
1272615770
1272615769
1272615768
1272615767
1272615766
1272615765
1272615764
1272615763
1200169712
1200169711
1200169710
1200169703
1200169702
1200169701
1200169694
1200169693
1200169692
1200169685
1200169684
1200169683
1200169662
1200169661
1175129142
1175129141
1149013919
1149013918
1149013917
1149013916
1149013914
1149013913
1134776484
1134776483
1134776482
1134776481
1134776480
1134776479
1126132899
1126132897
1126132895
1126132894
1123436487
1123436486
1123436484
1123436483
1111652013
1111652012
1111652009
1111652008
1109304251
1109304250
1109304249
1109304248
1109304247
1109304246
1109304239
1109304238
1109304237
1109304236
1109304235
1109304234
1109304227
1109304226
1109304225
1109304224
1109304223
1109304222
1101273488
1101273487
1101273484
1101273483
1049306240
1049306239
1049306238
1049306237
1049306236
1049306235
1049306234
1049306233
1049306232
1049306231
1049306230
1049306229
1049306216
1049306215
963119677
963119676
963119674
963119673
963119670
963119669
963119665
963119664
922664607
922664606
901695904
901695903
901695902
901695901
848130250
848130249
848130248
848130247
848130246
848130245
848130244
848130243
848130242
848130241
848130240
848130239
823631246
823631245
823631243
823631242
823631241
636666608
636666607
618855139
618855138
618855137
618855136
618855135
618855134
618855133
618855132
618855131
618855130
618855129
618855128
618855115
618855114
568786834
568786833
568786832
568786831
568786830
568786829
554793384
554793383
554793382
545720038
545719949
545719948
449802604
449802603
449802600
449802599
422920111
401871620
401871619
343197767
343197766
343197763
343197762
343197761
343197760
343197759
343197758
340780638
340780637
293652004
293652003
224983685
224983684
224983681
224983680
224983679
224983678
224036396
224036395
224036394
224036393
224036392
224036391
1914285169
1914285168
1914285167
1914285166
1914285165
1914285164
1914285163
1914285162
1914285155
1914285154
1914285153
1914285152
1914285151
1914285150
1914285149
1914285148
1905004179
1905004178
1905004176
1905004175
1898545912
1898545911
1864382751
1864382750
1851775473
1851775472
1851775469
1851775468
1802793018
1802793017
1787099064
1787099063
1787099062
1787099061
1787099060
1787099059
1787099058
1787099057
1787099056
1787099055
1787099054
1787099053
1784427354
1784427353
1784427352
1784427351
1784427348
1784427347
1685822596
1685822595
1685822594
1685822593
1685822592
1685822591
1565770138
1565770137
1565770136
1565770135
1565770134
1565770133
1565770132
1565770131
1446209863
1446209862
1446209861
1446209860
1312330911
1312330910
1279526976
1279526975
1279526974
1279526973
1279526971
1279526970
1279526969
1279526968
1272615588
1272615587
1237405578
1237405577
1049306244
1049306243
1049306242
1049306241
1048349395
1048349394
927262347
927262346
927262343
927262342
927262339
927262338
924443625
924443624
761232911
761232910
651207887
651207886
651207885
651207884
651207883
651207882
651207881
651207880
651207879
651207878
651207877
651207876
651207875
651207874
651207873
651207872
651207871
651207870
651207869
651207868
651207867
651207866
636666604
636666603
636666602
636666601
618855141
618855140
568786822
568786821
568786820
568786819
545719946
545719945
545719944
545719943
532137803
532137802
422920109
422920108
422920107
422920106
422920105
422920104
422920103
422920102
422920101
422920100
422920099
422920098
422920097
422920096
422920091
422920090
422920089
422920088
401871630
401871629
401871613
401871612
401871611
401871610
323463163
323463162
323463161
323463160
323463159
323463158
225698102
225698101
225698100
225698099
225698098
225698097
1925663120
1925663025
1925662935
1925662782
1925662692
1925662567
1925662474
1925662392
1925662310
1925662237
1925662164
1925662101
1925662016
1925661942
1818984972
1818984970
1772372003
1772372001
1772371999
1772371997
1772371995
1772371993
1722692977
1722692975
1722692973
1722692971
1722692969
1722692967
1722692965
1722692963
1722692961
1722692959
1722692957
1722692955
1722692953
1722692951
1722692949
1722692947
1722692945
1722692943
1722692941
1722692939
1722692937
1722692935
1722692933
1722692931
1722692929
1722692927
1722692925
1722692923
1722692921
1722692919
1722692917
1722692915
1722692913
1722692911
1722692909
1722692907
1722692905
1722692903
1722692901
1722692899
1722692897
1722692895
1722692893
1722692891
1722692889
1722692887
1722692885
1722692883
1722692881
1722692879
1722692877
1722692875
1722692873
1722692871
1722692869
1722692867
1722692865
1722692863
1722692861
1722692859
1722692857
1722692855
1722692853
1722692851
1722692849
1722692847
1722692845
1722692843
1722692841
1722692839
1722692837
1722692835
1722692833
1722692831
1722692829
1722692827
1722692825
1722692823
1722692821
1722692819
1722692817
1722692815
1722692813
1722692811
1722692809
1722692807
1722692805
1722692803
1722692801
1722692799
1722692797
1722692795
1722692793
1722692791
1722692789
1722692787
1722692785
1722692783
1722692781
1722692779
1722692777
1722692775
1722692773
1722692771
1722692769
1722692767
1722692765
1722692763
1722692761
1722692759
1722692757
1722692755
1722692753
1722692751
1722692749
1722692747
1722692745
1722692743
1722692741
1722692739
1722692737
1722692735
1722692733
1722692731
1722692729
1722692727
1722692725
1722692723
1722692721
1722692719
1722692717
1722692715
1722692713
1722692711
1722692709
1722692707
1722692705
1722692703
1722692701
1722692699
1722692697
1722692695
1722692693
1722692691
1722692689
1722692687
1722692685
1722692683
1722692681
1722692679
1722692677
1722692675
1722692673
1722692671
1722692669
1722692667
1722692665
1722692663
1722692661
1722692659
1584727608
1584727606
1584727604
1584727602
1584727600
1584727598
1584727596
1584727594
1584727582
1584727580
1584727578
1584727576
1584727574
1584727572
1584727570
1584727568
1584727566
1584727564
1584727562
1584727560
1584727558
1584727556
1584727554
1584727552
1584727550
1584727548
1584727546
1584727544
1584727542
1584727540
1584727538
1584727536
1584727534
1584727532
1584727530
1584727528
1584727526
1584727524
1584727522
1584727520
1584727518
1584727516
1584727514
1584727512
1584727510
1584727508
1584727506
1584727504
1510262265
1510262263
1301646223
1301646221
1147161385
1147161383
1147161381
1147161379
1046814936
1046814934
205371519
1044673622
1044673620
1044673618
1044673616
1044673614
1044673612
1044673610
1044673608
1044673606
1044673604
1044673602
1044673600
1044673598
1044673596
1044673594
1044673592
1044673590
1044673588
1044673586
1044673584
1044673582
1044673580
1044673578
1044673576
1044673574
1044673572
1044673570
1044673568
1044673566
1044673564
1044673562
1044673560
1044673558
1044673556
1044673554
1044673552
1044673550
1044673548
1044673546
1044673544
339832449
339779689
315488062
315488060
315488058
315488056
315488054
315488052
315488050
315488048
315488046
315488044
315488042
315488040
315488038
315488036
315488034
315488032
315488030
315488028
315488026
315488024
315488022
315488020
315488018
315488016
315488014
315488012
315488010
315488008
315488006
315488004
315488002
315488000
315487998
315487996
315487994
315487992
315487990
315487988
315487986
315487984
315487982
315487980
315487978
315487976
315487974
315487972
315487970
315487968
315487966
315487964
315487962
315487960
315487958
315487956
315487954
315487952
315487950
315487948
315487946
315487944
315487942
315487940
315487938
315487936
315487934
315487932
315487930
315487928
315487926
315487924
315487922
315487920
315487918
315487916
315487914
315487912
315487910
315487908
315487906
315487904
315487902
315487900
315487898
315487896
315487894
315487892
315487890
315487888
315487886
315487884
315487882
315487880
345786433
345786402
345786385
345786359
345786309
345786263
345786206
342674607
342674605
342674603
342674601
342674599
342674597
342674595
342674593
342674591
342674589
342674587
342674585
342674583
342674581
342674579
342674577
342674575
342674573
342674571
300498372
300498370
300498368
300498366
300498364
300498362
300498360
300498358
300498356
300498354
300498352
300498350
300498348
300498346
300498344
300498342
300498340
300498338
300498336
300498334
300498332
300498330
300498328
300498326
300498324
300498322
300498320
300498318
300498316
300498314
300498312
300498310
300498308
260075873
260075871
260075869
260075867
816457507
816457502
816457498
816457490
816457483
816457479
816457474
816457469
816457463
816457455
816457451
816457447
816457442
816457435
816457430
816457424
816457419
816457415
816457409
816457405
816457400
816457370
816457365
816457360
816457355
816457350
816457345
816457339
816457333
816457328
816457321
816457316
816457310
816457306
816457302
816457296
816457291
816457286
816457282
816457275
816457269
816457239
700653599
700653597
700653595
700653593
700653591
700653589
700653587
700653585
700653583
700653581
700653579
700653577
700653575
700653573
700653571
700653569
700653567
700653565
700653563
700653561
700653559
700653557
700653555
700653553
700653551
700653549
700653547
700653545
700653543
700653541
700653539
700653537
700653535
700653533
700653531
700653529
700653527
700653525
700653523
700653521
700653519
700653517
700653515
700653513
700653511
700653509
700653507
700653505
700653503
700653501
700653499
700653497
700653495
700653493
700653491
700653489
700653487
700653485
700653483
700653481
700653479
700653477
700653475
700653473
700653471
700653469
700653467
700653465
700653463
700653461
700653459
700653457
700653455
700653453
700653451
700653449
700653447
700653445
700653443
700653441
700653439
700653437
700653435
700653433
700653431
700653429
700653427
700653425
700653423
700653421
700653419
700653417
700653415
700653413
700653411
700653409
700653407
700653405
700653403
700653401
700653399
700653397
700653395
700653393
700653391
700653389
700653387
700653385
700653383
700653381
700653379
700653377
700653375
700653373
700653371
700653369
700653367
700653365
700653363
700653361
700653359
700653357
700653355
700653353
700653351
700653349
700653347
700653345
700653343
700653341
700653339
700653337
700653335
700653333
700653331
700653329
700653327
700653325
700653323
700653321
700653319
700653317
700653315
700653313
700653311
700653309
700653307
700653305
700653303
700653301
700653299
700653297
700653295
700653293
700653291
700653289
700653287
700653285
700653283
700653281
700653279
700653277
700653275
700653273
700653271
700653269
700653267
700653265
700653263
700653261
700653259
700653257
700653255
700653253
700653251
700653249
700653247
700653245
700653243
700653241
700653239
700653237
700653235
700653233
700653231
700653229
700653227
700653225
700653223
700653221
700653219
700653217
700653215
700653213
700653211
700653209
700653207
700653205
700653203
700653201
700653199
700653197
700653195
700653193
700653191
700653189
700653187
700653185
700653183
700653181
700653179
700653177
700653175
700653173
700653171
700653169
700653167
700653165
700653163
700653161
700653159
700653157
700653155
700653153
700653151
700653149
700653147
700653145
700653143
700653141
700653139
700653136
700653134
700653132
700653130
700653128
700653126
700653124
700653122
700653120
700653118
700653116
700653114
700653112
700653110
700653108
700653106
700653104
700653102
700653100
700653098
700653096
700653094
700653092
700653090
700653088
700653086
700653084
700653082
700653080
700653078
700653076
700653074
700653072
700653070
700653068
700653066
700653064
700653062
700653060
700653058
700653056
700653054
700653052
700653050
700653048
700653046
700653044
700653042
700653040
700653038
700653036
700653034
700653032
700653030
700653028
700653026
700653024
700653022
700653020
700653018
700653016
700653014
700653012
700653010
700653008
700653006
700653004
700653002
700653000
700652998
700652996
700652994
700652992
700652990
700652988
700652986
700652984
700652982
700652980
700652978
700652976
700652974
700652972
700652970
700652968
700652966
700652964
700652962
700652960
700652958
700652956
700652954
700652952
700652950
700652948
700652946
700652944
700652942
700652940
700652938
700652936
700652934
700652932
700652930
700652928
700652926
700652924
700652922
700652920
700652918
700652916
700652914
700652912
700652910
700652908
700652906
700652904
700652902
700652900
700652898
700652896
700652894
700652892
700652890
700652888
700652886
700652884
700652882
700652880
700652878
700652876
700652874
700652872
700652870
700652868
700652866
700652864
700652862
700652860
700652858
700652856
700652854
700652852
700652850
700652848
700652846
700652844
700652842
700652840
700652838
700652836
700652834
700652832
700652830
700652828
700652826
700652824
700652822
700652820
700652818
700652816
700652814
700652812
700652810
700652808
700652806
700652804
700652802
700652800
700652798
700652796
700652794
700652792
700652790
700652788
700652786
700652784
700652782
700652780
700652778
700652776
700652774
700652772
700652770
700652768
700652766
700652764
700652762
700652760
700652758
700652756
700652754
700652752
700652750
700652748
700652746
700652744
700652742
700652740
700652738
700652736
700652734
700652732
700652730
700652728
700652726
700652724
700652722
700652720
700652718
700652716
700652714
700652712
700652710
700652708
700652706
700652704
700652702
700652700
700652698
700652696
700652694
700652692
700652690
700652688
700652686
700652684
700652682
700652680
700652678
700652676
700652674
700652672
700652670
700652668
700652666
700652664
700652662
700652660
700652658
700652656
700652654
700652652
700652650
700652648
700652646
700652644
700652642
700652640
700652638
700652636
700652634
700652632
700652630
700652628
700652626
700652624
700652622
700652620
700652618
700652616
700652614
700652612
700652610
700652608
700652606
700652604
700652602
700652600
700652598
700652596
700652594
700652592
700652590
700652588
700652586
700652584
700652582
700652580
700652578
700652576
700652574
700652572
700652570
700652568
700652566
700652564
700652562
700652560
700652558
700652556
700652554
700652552
700652550
700652548
700652546
700652544
700652542
700652540
683427898
683427896
683427894
683427892
683427890
683427888
683427886
683427884
683427882
683427880
683427878
683427876
683427874
683427872
683427870
683427868
683427866
683427864
683427862
683427860
683427858
683427856
683427854
683427852
683427850
683427848
683427846
683427844
683427842
683427840
683427838
683427836
683427834
683427832
683427830
683427828
683427826
683427824
683427822
683427820
683427818
683427816
683427814
683427812
683427810
683427808
683427806
683427804
683427802
683427800
683427798
683427796
683427794
683427792
683427790
683427788
683427786
683427784
683427782
683427780
683427778
683427776
683427774
683427772
683427770
683427768
683427766
683427764
683427762
683427760
683427758
683427756
683427754
683427752
683427750
683427748
683427746
683427744
683427742
683427740
683427738
683427736
683427734
683427732
683427730
683427728
683427726
683427724
683427722
683427720
683427718
683427716
683427714
683427712
683427710
683427708
683427706
683427704
683427702
683427700
683427698
683427696
683427694
683427692
683427690
683427688
683427686
683427684
683427682
683427680
683427678
683427676
683427674
683427672
683427670
683427668
683427666
683427664
683427662
683427660
683427658
683427656
683427654
683427652
683427650
683427648
683427646
683427644
683427642
683427640
683427638
683427636
683427634
683427632
683427630
683427628
683427626
683427624
683427622
683427620
683427618
683427616
683427614
683427612
683427610
683427608
683427606
683427604
683427602
683427600
683427598
683427596
683427594
683427592
683427590
683427588
683427586
683427584
683427582
683427580
683427578
683427576
683427574
683427572
683427570
683427568
683427566
683427564
683427562
683427560
683427558
683427556
683427554
683427552
683427550
683427548
683427546
683427544
683427542
683427540
683427538
683427536
683427534
683427532
683427530
683427528
683427526
683427524
683427522
683427520
683427518
585379941
585379939
585379937
585379935
585379933
585379931
585379929
585379927
585379925
585379923
585379921
585379919
585379917
585379915
585379913
585379911
585379909
585379907
585379905
585379903
585379901
585379899
585379897
585379895
585379893
585379891
585379889
585379887
585379885
585379883
585379881
585379879
585379877
585379875
585379873
585379871
585379869
585379867
585379865
585379863
585379861
585379859
585379857
585379855
585379853
585379851
585379849
585379847
585379845
585379843
585379841
585379839
585379837
585379835
585379833
585379831
585379829
585379827
585379825
585379823
585379821
585379818
585379816
585379814
585379812
585379810
585379808
585379806
585379804
585379801
585379799
585379797
585379795
585379793
585379791
585379789
585379787
585379784
585379782
585379780
585379778
585379776
585379774
585379772
585379770
585379768
585379766
585379764
585379762
585379760
585379758
585379756
585379754
585379752
585379750
585379748
585379746
585379744
585379742
585379740
585379738
585379736
585379734
585379732
585379730
585379728
585379726
585379724
585379721
585379719
585379717
585379715
585379713
585379711
585379709
585379707
585379705
585379703
585379700
585379697
585379695
585379693
585379691
585379689
585379687
585379685
585379683
585379681
585379679
585379676
585379674
585379672
585379670
585379668
585379666
585379664
585379660
585379658
585379656
585379654
585379651
585379648
585379646
585379643
585379641
585379639
585379637
443497920
443497918
407259197
407259195
300498306
342519005
342518857
342518741
342518506
342518482
342518407
344049926
344049924
345786331
345786287
345786240
205371521
205371517
205371515
