 256 5
  25 6
   1 9
   2 11
  11 13
  24 14
  51 17
  13 18
 244 19
 208 20
  13 23
   4 24
  30 29
   4 31
  74 33
 248 35
5001 36
  11 37
   1 38
  13 39
   1 42
  10 43
  13 46
4532 47
   6 48
  51 49
   4 50
   4 51
   7 52
   1 57
   4 59
   2 62
   3 63
   3 64
   7 65
   7 66
   3 67
   3 68
   3 69
   7 70
   6 71
   7 72
   6 73
   7 74
   3 75
   6 76
   3 77
   3 78
   3 79
   4 80
   3 81
   6 84
   3 85
   3 86
   3 87
   6 88
   3 89
   3 90
   3 91
   3 92
   2 93
   3 94
   3 95
   3 96
   3 97
   3 98
   3 99
   3 100
   3 101
   3 102
  20 103
   6 105
   7 107
   3 108
   1 110
   1 112
   1 113
  13 115
  18 116
  19 117
 804 118
  47 119
  45 121
  45 122
 387 123
  13 124
 175 125
   4 130
   1 131
  13 132
  69 134
   1 135
  12 136
 246 139
   1 140
 243 141
   6 143
   2 144
  45 146
  47 147
  47 148
   2 149
  45 150
  45 151
  45 152
   2 153
  45 154
  45 155
  45 156
  45 157
  45 158
  45 159
 138 160
  44 161
  45 162
  45 163
 137 164
   1 165
  45 166
  45 167
 136 168
  45 169
   1 170
  45 171
 437 172
   1 173
   1 174
  45 175
  45 176
  45 177
 136 178
   1 179
  45 181
 437 183
  45 184
  45 187
  45 188
  45 189
  47 190
 437 191
   1 192
   1 193
  45 194
  45 195
  45 196
 437 197
  45 198
   1 199
  44 200
  44 201
  44 202
  45 203
 136 204
  44 205
  44 207
  45 208
  45 209
  45 210
  45 211
  45 212
  45 213
 136 214
   1 217
  45 218
  45 219
  45 221
  45 222
  45 223
  45 224
  45 225
  45 226
  45 227
 136 228
  45 229
   2 230
 136 233
  45 234
  45 235
  45 237
 248 239
 246 241
   6 242
  45 243
  45 244
   1 245
  45 250
  45 251
   2 252
  45 253
   1 254
   1 256
  45 257
   1 264
  45 266
   1 268
   1 272
  45 276
  45 277
  45 278
  45 280
   1 281
  45 286
  45 288
  45 289
  45 294
  45 295
  45 296
  10 302
 253 303
 249 305
   4 306
  70 308
  10 309
 127 310
3972 311
 403 312
   1 313
   5 315
   2 317
   5 318
   5 322
   5 323
   5 324
   5 326
   5 327
   1 328
   5 329
   5 332
   1 333
   1 335
   1 336
   5 338
   1 339
   5 342
   1 343
   5 347
   1 349
   1 350
   4 351
   1 354
   1 356
   3 358
   1 362
   1 365
   1 366
   1 368
   4 369
   1 370
   4 371
   1 372
   5 373
   1 376
   5 378
   3 379
   3 380
   1 381
   1 382
   3 383
   1 384
   1 385
   1 387
   1 388
  51 389
  51 390
  48 391
  51 392
  45 393
  46 394
  70 396
   2 397
  70 399
   6 400
   5 402
  14 404
   1 406
  45 408
   5 409
  45 411
1727 413
1727 414
1684 415
1727 416
1728 417
1726 418
1727 419
1725 420
1682 421
1725 422
1499 423
1727 424
1681 425
1818 426
1726 427
1817 428
1816 429
1818 430
1727 431
1727 432
1725 433
1726 434
1725 435
1727 436
1680 437
1727 438
1680 439
1817 440
1680 441
1681 442
1726 443
1818 444
1818 445
1727 446
1727 447
1727 448
1817 449
1684 450
1681 451
1681 452
1728 453
1819 454
1817 455
1680 456
1727 457
1725 458
   2 459
1727 460
1727 461
   2 462
1726 463
1726 464
1817 465
 380 466
 380 467
1725 468
1681 469
1816 470
1681 471
1725 472
1817 473
1726 474
1680 476
1725 477
1816 478
1817 479
1681 480
1725 481
1680 482
1726 483
1680 485
1681 486
1681 487
1681 488
1680 489
1541 490
1541 491
1541 492
1727 493
 390 494
1280 495
3551 496
 240 497
  24 498
 257 500
  45 502
   4 506
   1 508
   4 515
 247 533
 247 534
 247 535
   6 536
   4 537
   1 538
  13 539
   1 545
   4 546
  47 547
 568 550
 241 551
18333 552
  21 554
96785 555
  34 556
   5 559
  51 560
 409 562
3551 563
  13 564
   1 567
 246 568
   1 569
 385 570
   1 571
   4 572
105678 573
  10 574
  24 575
   1 576
   1 577
18043 580
   6 582
   4 583
105687 584
 409 585
  13 586
  45 589
 246 592
  20 594
   5 595
  10 596
   4 597
 119 598
3555 602
 245 603
   6 609
  51 610
   5 612
   5 614
  18 615
  10 616
 255 617
3388 618
   7 620
   7 624
 246 626
 236 627
   5 630
  11 631
   4 632
 264 634
97390 635
   4 638
   5 639
4799 640
1701 641
2298 643
 643 644
   7 645
 153 646
  55 647
1006 648
 252 649
  13 651
  45 652
 116 654
  10 655
   1 656
   3 659
106794 666
 246 669
18043 670
  45 673
   6 677
   6 678
  45 679
  45 680
  55 681
  26 683
   4 684
   7 685
   1 687
 246 688
 246 689
  45 691
 244 692
