  11 5
  18 6
   5 13
  21 14
   6 17
  13 18
   5 29
4612 36
   5 37
  13 39
   1 42
   8 43
   7 46
4490 47
   4 48
   6 49
   5 52
   3 103
   6 105
   1 110
   1 112
   6 115
   9 116
   9 117
 645 118
 346 123
  11 124
  16 125
   9 132
   4 139
   1 141
   5 143
 312 172
 266 183
 251 191
 376 197
   2 241
   6 242
  10 302
  11 303
   6 305
   9 309
 357 312
   3 379
   3 380
   2 383
   6 389
   6 390
   3 391
   6 392
   1 394
  19 396
  20 399
   6 400
   9 404
1442 413
1442 414
1453 415
1439 416
1445 417
1444 418
1441 419
1438 420
1442 421
1442 422
1180 423
1442 424
1456 425
1451 426
1449 427
1471 428
1440 429
1444 430
1445 431
1450 432
1441 433
1445 434
1442 435
1451 436
1453 437
1444 438
1454 439
1483 440
1457 441
1447 442
1476 443
1449 444
1443 445
1443 446
1488 447
1482 448
1484 449
1472 450
1481 451
1467 452
1454 453
1451 454
1480 455
1492 456
1442 457
1468 458
1446 460
1449 461
1499 463
1498 464
1451 465
 322 466
 315 467
1494 468
1461 469
1481 470
1492 471
1447 472
1497 473
1510 474
1498 476
1498 477
1471 478
1494 479
1505 480
1493 481
1498 482
1456 483
1499 485
1497 486
1505 487
1498 488
1482 489
1277 490
1277 491
1290 492
1442 493
 367 494
1119 495
3108 496
  10 498
   9 500
   4 506
   1 508
   4 515
   8 533
   9 534
   9 535
   8 539
 562 550
  53 551
11871 552
   2 554
 266 555
   6 556
   6 560
 401 562
3229 563
  18 568
 365 570
1085 573
   9 574
   6 575
   1 576
   1 577
16405 580
 111 584
 398 585
  10 592
  11 594
   6 596
  95 598
2957 602
  12 603
   6 609
   6 610
   4 615
  10 616
  29 617
3146 618
   6 624
  25 626
  16 627
  58 634
 269 635
4604 640
1423 641
2196 643
 508 644
   7 645
   6 646
  10 647
 927 648
  20 649
  13 651
  94 654
   9 655
   1 656
   2 659
 996 666
  47 669
15183 670
   6 677
   6 678
   9 681
   6 683
   7 685
  15 688
  13 689
  10 692
