   1 5
   8 18
  79 36
 393 47
   1 48
   9 116
  13 118
   7 123
  15 125
   4 139
   5 172
   7 183
   6 191
   7 197
   6 312
  22 413
  22 414
  22 415
  22 416
  22 417
  22 418
  21 419
  21 420
  22 421
  22 422
  32 423
  22 424
  22 425
  21 426
  22 427
  23 428
  22 429
  22 430
  21 431
  21 432
  21 433
  22 434
  22 435
  21 436
  22 437
  21 438
  22 439
  24 440
  22 441
  22 442
  23 443
  22 444
  22 445
  21 446
  23 447
  22 448
  24 449
  23 450
  23 451
  22 452
  21 453
 255 454
  24 455
  23 456
  21 457
  22 458
  21 460
  22 461
  24 463
  25 464
  22 465
 134 466
  23 468
  22 469
  24 470
  23 471
  22 472
  25 473
  25 474
  24 476
  23 477
  22 478
  23 479
  24 480
  24 481
  24 482
  22 483
  24 485
  24 486
  25 487
  24 488
  23 489
  78 490
  78 491
  78 492
  22 493
   6 494
   4 495
  37 496
   3 534
  11 550
  48 551
 172 552
   8 562
  37 563
   1 568
   6 570
   1 573
 201 580
   6 585
  36 602
   1 617
  45 618
   1 626
   1 634
  16 640
  21 641
  46 643
   8 644
  18 648
  42 669
 181 670
   1 688
   8 692
