17
22
36
39
40
41
53
57
67
78
86
87
89
93
111
122
137
140
142
144
171
180
192
203
207
213
230
245
250
253
255
263
274
285
286
289
315
316
318
322
336
338
346
351
354
356
361
365
375
387
390
400
402
423
426
427
431
432
445
447
452
458
464
477
482
487
496
508
513
516
518
535
544
545
549
550
552
553
572
575
576
583
593
613
625
638
652
656
660
663
678
688
704
709
717
719
722
724
725
726
727
732
742
749
752
754
756
766
778
792
797
812
829
835
839
865
871
886
888
890
893
898
899
901
906
919
924
931
947
953
954
956
958
978
985
986
987
988
989
999
1000
1001
1011
1013
1015
1031
1040
1046
1054
1061
1066
1074
1085
1088
1095
1096
1105
1108
1117
1124
1133
1137
1158
1168
1169
1181
1195
1203
1205
1206
1215
1222
1223
1234
1247
1256
1257
1260
1263
1264
1268
1269
1273
1293
1308
1320
1329
1330
1333
1342
1349
1357
1371
1372
1375
1379
1380
1388
1391
1400
1405
1422
1428
1430
1440
1441
1448
1451
1454
1462
1464
1471
1490
1496
1497
1500
1515
1523
1540
1543
1574
1591
1600
1603
1607
1609
1610
1624
1629
1640
1641
1645
1649
1651
1680
1685
1686
1687
1690
1694
1704
1717
1730
1733
1735
1736
1737
1752
1753
1755
1764
1767
1778
1785
1799
1801
1803
1812
1819
1838
1853
1861
1864
1872
1886
1892
1894
1899
1906
1910
1912
1914
1919
1923
1924
1930
1932
1937
1939
1943
1945
1947
1950
1953
1960
1967
1972
1976
2006
2009
2025
2033
2055
2058
2062
2066
2068
2069
2070
2075
2080
2086
2098
2099
2107
2111
2117
2134
2153
2155
2159
2160
2166
2168
2172
2182
2191
2192
2196
2201
2205
2207
2216
2232
2233
2235
2237
2244
2259
2263
2268
2270
2272
2283
2288
2308
2310
2324
2330
2331
2332
2345
2367
2370
2382
2393
2395
2402
2408
2409
2412
2414
2415
2417
2421
2425
2431
2438
2440
2441
2447
2450
2452
2453
2455
2456
2458
2463
2465
2467
2469
2479
2482
2484
2498
2502
2503
2506
2515
2518
2519
2528
2530
2531
2535
2539
2541
2556
2558
2561
2564
2565
2601
2615
2616
2629
2636
2643
2651
2653
2661
2662
2665
2684
2692
2693
2696
2699
2703
2707
2710
2728
2742
2744
2750
2751
2753
2761
2765
2769
2778
2787
2791
2795
2808
2818
2819
2820
2829
2838
2843
2853
2854
2855
2861
2865
2868
2871
2880
2883
2890
2920
2927
2931
2952
2968
2990
2991
2996
3009
3010
3019
3020
3026
3050
3058
3062
3078
3083
3091
3100
3106
3109
3111
3114
3118
3122
3123
3136
3137
3138
3139
3143
3150
3152
3185
3203
3217
3221
3262
3264
3270
3273
3280
3283
3284
3285
3292
3294
3304
3318
3330
3334
3353
3366
3369
3375
3379
3389
3408
3429
3436
3440
3441
3448
3469
3473
3476
3478
3498
3514
3520
3525
3529
3531
3533
3542
3544
3557
3566
3591
3592
3600
3601
3606
3616
3619
3620
3621
3623
3633
3642
3649
3653
3664
3665
3680
3681
3691
3693
3694
3713
3725
3729
3730
3744
3748
3762
3767
3776
3781
3789
3812
3822
3823
3830
3832
3853
3864
3867
3881
3883
3928
3931
3940
3941
3942
3959
3966
3967
3976
3978
3987
3990
3994
4001
4005
4007
4019
4021
4033
4034
4055
4062
4064
4068
4070
4075
4089
4102
4104
4105
4106
4118
4125
4127
4129
4132
4138
4151
4159
4162
4169
4187
4188
4202
4209
4223
4238
4249
4262
4264
4283
4301
4309
4315
4329
4332
4346
4368
4379
4388
4390
4402
4419
4420
4429
4437
4440
4447
4456
4467
4469
4473
4479
4497
4501
4505
4507
4516
4527
4541
4546
4549
4560
4572
4577
4578
4587
4588
4590
4605
4606
4611
4621
4634
4641
4645
4652
4661
4674
4679
4689
4695
4698
4699
4713
4715
4716
4729
4733
4745
4753
4755
4759
4768
4772
4782
4787
4792
4799
4802
4809
4811
4812
4838
4853
4854
4858
4868
4873
4892
4903
4906
4910
4916
4920
4923
4932
4934
4941
4943
4945
4950
4964
4972
4976
4980
4983
5001
5002
5011
5013
5023
5041
5051
5053
5057
5059
5063
5089
5092
5105
5116
5117
5133
5134
5157
5167
5186
5187
5193
5198
5208
5245
5278
5282
5283
5285
5289
5298
5301
5303
5304
5309
5316
5323
5332
5347
5349
5352
5359
5361
5368
5370
5395
5400
5406
5419
5426
5430
5438
5440
5447
5448
5456
5460
5461
5462
5483
5495
5506
5513
5521
5523
5534
5539
5547
5551
5552
5555
5559
5560
5568
5574
5583
5599
5609
5617
5624
5627
5637
5647
5651
5655
5656
5659
5661
5667
5671
5688
5689
5690
5696
5713
5717
5725
5734
5737
5745
5755
5759
5765
5769
5773
5782
5786
5796
5813
5831
5834
5842
5852
5856
5866
5869
5886
5887
5891
5905
5915
5922
5924
5928
5931
5934
5941
5948
5967
5969
5974
5998
6003
6016
6031
6032
6034
6055
6068
6076
6090
6091
6094
6098
6099
6107
6119
6123
6124
6126
6136
6145
6146
6161
6171
6180
6183
6187
6208
6211
6214
6223
6225
6239
6246
6254
6255
6256
6257
6264
6267
6271
6273
6274
6278
6280
6288
6289
6294
6311
6319
6333
6335
6349
6359
6365
6367
6374
6375
6379
6383
6385
6393
6394
6401
6403
6421
6425
6434
6444
6445
6448
6457
6464
6472
6474
6480
6492
6496
6504
6516
6523
6525
6539
6541
6546
6554
6556
6557
6558
6561
6564
6571
6577
6584
6589
6601
6606
6607
6613
6618
6622
6629
6639
6640
6646
6648
6652
6675
6677
6681
6687
6688
6716
6745
6746
6751
6759
6762
6766
6767
6769
6773
6776
6779
6782
6784
6785
6787
6794
6796
6800
6823
6838
6839
6843
6857
6881
6896
6897
6913
6926
6932
6937
6941
6944
6949
6958
6962
6965
6967
6968
6974
6981
6993
6998
7017
7018
7021
7022
7026
7028
7030
7031
7032
7039
7040
7049
7061
7066
7075
7076
7079
7086
7087
7088
7100
7104
7108
7111
7112
7124
7130
7131
7135
7139
7145
7155
7158
7161
7164
7171
7172
7181
7189
7197
7211
7225
7234
7250
7252
7265
7271
7276
7281
7303
7316
7318
7334
7335
7342
7351
7364
7369
7380
7407
7416
7422
7430
7436
7447
7463
7474
7476
7481
7484
7488
7491
7492
7494
7503
7506
7508
7510
7515
7522
7523
7525
7537
7538
7548
7550
7557
7567
7568
7569
7572
7579
7585
7589
7600
7608
7612
7615
7628
7629
7632
7636
7643
7646
7650
7663
7669
7685
7689
7694
7699
7711
7713
7717
7723
7724
7731
7739
7742
7743
7755
7770
7780
7784
7795
7798
7801
7805
7809
7819
7820
7824
7833
7834
7868
7874
7875
7882
7886
7894
7904
7906
7909
7931
7937
7946
7947
7962
7974
7976
7977
7989
7994
8002
8003
8007
8031
8039
8043
8045
8063
8067
8069
8073
8087
8089
8092
8094
8105
8110
8112
8113
8116
8133
8135
8141
8143
8153
8155
8163
8170
8175
8179
8186
8189
8190
8203
8208
8217
8227
8230
8233
8235
8244
8250
8251
8255
8256
8257
8276
8285
8293
8308
8315
8319
8332
8336
8338
8340
8341
8357
8382
8401
8403
8405
8408
8410
8415
8417
8421
8425
8434
8436
8439
8444
8445
8448
8451
8454
8457
8474
8479
8482
8485
8490
8500
8502
8505
8508
8518
8534
8541
8544
8550
8559
8561
8580
8583
8593
8602
8603
8606
8619
8622
8628
8636
8639
8649
8650
8652
8663
8670
8676
8677
8694
8695
8703
8707
8712
8717
8731
8732
8742
8745
8747
8752
8765
8787
8811
8813
8815
8820
8831
8832
8838
8840
8841
8854
8861
8867
8868
8875
8876
8889
8891
8895
8896
8903
8909
8911
8913
8923
8928
8938
8939
8943
8958
8962
8969
8970
8975
8980
8999
9004
9012
9016
9020
9024
9028
9035
9042
9046
9049
9051
9058
9062
9063
9064
9067
9077
9085
9091
9095
9098
9118
9119
9121
9125
9126
9131
9141
9142
9146
9148
9164
9176
9177
9180
9183
9187
9190
9203
9205
9208
9211
9212
9214
9216
9236
9239
9244
9254
9282
9283
9288
9289
9291
9296
9301
9321
9323
9340
9342
9345
9348
9349
9359
9364
9367
9373
9374
9378
9379
9382
9386
9388
9394
9402
9417
9418
9439
9440
9441
9452
9466
9480
9489
9491
9496
9537
9547
9550
9561
9572
9578
9587
9594
9596
9601
9608
9612
9623
9632
9641
9643
9647
9650
9652
9654
9662
9673
9679
9683
9690
9692
9699
9700
9706
9711
9716
9727
9735
9742
9746
9749
9776
9787
9799
9801
9807
9808
9810
9821
9826
9844
9853
9854
9857
9862
9863
9876
9877
9878
9887
9888
9902
9909
9912
9913
9929
9940
9947
9969
9971
9977
9985
9986
9987
9989
10000
10001
10004
10008
10025
10034
10041
10042
10046
10050
10053
10067
10072
10079
10080
10084
10088
10097
10115
10122
10123
10124
10125
10132
10133
10138
10145
10161
10166
10191
10193
10194
10198
10204
10206
10207
10217
10227
10228
10233
10242
10249
10259
10265
10272
10274
10281
10284
10286
10293
10296
10309
10326
10337
10344
10345
10355
10356
10361
10370
10380
10384
10390
10393
10398
10416
10420
10421
10432
10438
10451
10456
10457
10479
10482
10485
10486
10492
10496
10506
10516
10518
10524
10530
10536
10541
10542
10578
10583
10598
10605
10612
10614
10617
10618
10619
10620
10626
10634
10635
10639
10645
10653
10656
10663
10667
10670
10681
10688
10691
10693
10695
10704
10708
10717
10723
10725
10732
10740
10763
10768
10778
10781
10785
10787
10797
10807
10820
10824
10830
10831
10832
10836
10848
10866
10870
10875
10909
10919
10922
10924
10937
10942
10943
10946
10960
10965
10982
10991
11006
11010
11017
11034
11037
11038
11060
11066
11067
11070
11071
11077
11081
11083
11095
11097
11100
11116
11128
11140
11146
11154
11168
11171
11176
11182
11189
11200
11203
11205
11208
11223
11226
11227
11231
11251
11259
11260
11263
11302
11305
11311
11313
11316
11319
11330
11347
11348
11354
11371
11377
11384
11387
11398
11409
11428
11430
11437
11452
11453
11459
11465
11479
11480
11486
11493
11506
11514
11537
11544
11564
11587
11589
11590
11592
11605
11609
11647
11657
11659
11660
11663
11664
11667
11673
11680
11681
11685
11698
11705
11707
11709
11713
11714
11715
11723
11727
11729
11742
11743
11748
11753
11756
11769
11777
11781
11783
11789
11803
11831
11871
11872
11890
11893
11895
11896
11898
11899
11900
11912
11917
11930
11941
11942
11944
11947
11952
11955
11964
11969
11978
11979
11984
11988
11991
12000
12017
12022
12035
12037
12038
12046
12052
12054
12055
12076
12081
12086
12106
12115
12117
12123
12126
12129
12148
12149
12150
12155
12163
12165
12169
12172
12173
12174
12177
12179
12187
12193
12205
12211
12216
12220
12225
12229
12244
12245
12251
12256
12257
12263
12268
12269
12272
12276
12281
12285
12286
12301
12303
12311
12314
12320
12323
12331
12335
12344
12346
12356
12367
12372
12386
12393
12398
12399
12405
12409
12434
12435
12437
12452
12454
12463
12469
12476
12480
12483
12491
12492
12501
12502
12507
12519
12525
12535
12540
12544
12548
12555
12558
12566
12576
12577
12583
12601
12616
12618
12624
12625
12631
12637
12639
12642
12645
12651
12661
12666
12667
12674
12676
12686
12687
12690
12692
12697
12707
12711
12714
12720
12726
12729
12736
12738
12739
12744
12751
12752
12757
12760
12768
12769
12771
12776
12780
12784
12799
12809
12810
12822
12825
12846
12851
12852
12861
12886
12887
12892
12896
12901
12905
12915
12922
12926
12929
12934
12940
12943
12945
12946
12951
12957
12963
12968
12969
12982
12989
12994
12995
13007
13008
13036
13049
13052
13061
13067
13072
13073
13076
13080
13085
13086
13090
13094
13107
13108
13123
13126
13137
13142
13144
13145
13153
13154
13158
13175
13179
13184
13189
13193
13199
13206
13215
13219
13221
13225
13228
13229
13231
13235
13237
13239
13240
13249
13250
13253
13254
13262
13270
13272
13278
13281
13282
13289
13291
13299
13314
13322
13324
13325
13326
13329
13331
13349
13355
13368
13370
13374
13375
13379
13388
13390
13392
13399
13402
13412
13413
13422
13425
13429
13435
13447
13450
13455
13458
13459
13461
13467
13472
13481
13483
13484
13490
13492
13509
13515
13519
13527
13544
13548
13571
13577
13594
13595
13603
13610
13611
13630
13637
13648
13658
13665
13672
13681
13686
13710
13726
13727
13734
13742
13744
13753
13757
13769
13775
13787
13793
13807
13810
13817
13818
13827
13840
13845
13857
13862
13864
13868
13876
13878
13909
13922
13931
13941
13942
13948
13969
13974
13978
13989
13992
14013
14018
14020
14032
14047
14051
14057
14067
14079
14088
14089
14093
14099
14101
14112
14121
14122
14125
14133
14134
14142
14145
14153
14160
14177
14187
14196
14202
14230
14231
14238
14243
14245
14254
14261
14262
14265
14268
14277
14280
14285
14293
14302
14304
14306
14307
14308
14321
14323
14328
14329
14338
14341
14357
14364
14365
14371
14372
14373
14379
14384
14414
14432
14435
14437
14439
14440
14444
14448
14452
14455
14466
14471
14473
14497
14499
14500
14503
14507
14513
14519
14534
14538
14543
14551
14553
14555
14567
14568
14569
14573
14575
14585
14589
14593
14606
14609
14617
14633
14658
14667
14671
14674
14683
14690
14695
14702
14704
14705
14706
14725
14733
14745
14746
14748
14752
14768
14773
14779
14783
14795
14800
14807
14819
14824
14828
14833
14842
14847
14854
14881
14884
14898
14913
14918
14929
14930
14943
14945
14959
14999
15004
15031
15034
15044
15046
15052
15077
15102
15105
15116
15118
15123
15124
15129
15130
15141
15144
15145
15146
15149
15153
15163
15174
15176
15181
15184
15202
15207
15214
15215
15216
15217
15224
15231
15241
15243
15250
15257
15268
15271
15296
15301
15309
15310
15311
15321
15329
15331
15332
15336
15338
15342
15351
15362
15366
15372
15376
15378
15389
15402
15409
15424
15431
15432
15442
15448
15454
15473
15474
15480
15484
15485
15490
15491
15492
15498
15502
15511
15514
15518
15520
15523
15524
15529
15532
15534
15545
15550
15553
15562
15565
15572
15582
15586
15599
15600
15601
15605
15607
15617
15625
15626
15631
15632
15634
15637
15644
15645
15658
15661
15672
15676
15694
15696
15700
15703
15708
15718
15723
15728
15729
15741
15748
15755
15776
15781
15795
15804
15806
15807
15810
15813
15818
15824
15826
15837
15841
15844
15847
15848
15849
15852
15855
15861
15864
15873
15875
15879
15885
15886
15890
15903
15910
15914
15925
15941
15961
15969
15970
15980
15982
15983
15990
16004
16006
16007
16011
16032
16047
16054
16073
16075
16081
16087
16088
16104
16105
16113
16125
16128
16131
16137
16159
16170
16171
16177
16181
16188
16190
16200
16210
16212
16218
16228
16230
16241
16246
16248
16257
16260
16263
16266
16267
16288
16302
16307
16309
16312
16317
16326
16328
16329
16336
16337
16346
16352
16361
16362
16367
16370
16375
16396
16401
16404
16406
16407
16415
16420
16421
16426
16443
16445
16447
16458
16480
16484
16489
16491
16493
16496
16497
16500
16501
16504
16506
16507
16513
16531
16533
16545
16560
16561
16584
16587
16590
16609
16614
16638
16658
16659
16666
16675
16677
16697
16699
16706
16718
16725
16730
16749
16756
16760
16763
16773
16777
16781
16793
16795
16817
16829
16847
16863
16881
16895
16897
16914
16933
16945
16953
16959
16960
16972
16976
16987
16988
17006
17013
17020
17022
17025
17026
17031
17032
17037
17044
17050
17061
17062
17065
17067
17071
17072
17073
17088
17103
17111
17113
17114
17117
17118
17120
17131
17133
17138
17147
17151
17160
17165
17166
17170
17201
17228
17232
17244
17250
17251
17257
17263
17270
17272
17274
17287
17290
17304
17312
17316
17321
17352
17357
17389
17397
17400
17404
17415
17417
17418
17419
17424
17428
17432
17434
17449
17467
17480
17488
17490
17498
17499
17502
17505
17506
17542
17550
17567
17570
17574
17577
17587
17589
17590
17597
17598
17609
17614
17615
17621
17625
17626
17632
17640
17647
17649
17661
17672
17690
17696
17702
17715
17721
17722
17725
17726
17730
17746
17753
17757
17763
17775
17777
17782
17784
17788
17801
17811
17812
17815
17824
17826
17836
17839
17840
17844
17848
17851
17859
17861
17867
17871
17874
17883
17884
17890
17892
17895
17898
17920
17924
17927
17950
17959
17960
17983
17985
17986
17993
17996
18001
18012
18015
18020
18031
18036
18049
18054
18058
18060
18068
18073
18075
18084
18086
18088
18090
18092
18110
18112
18115
18117
18122
18125
18137
18160
18166
18172
18177
18182
18184
18186
18194
18195
18206
18220
18232
18234
18237
18247
18252
18255
18262
18263
18266
18275
18287
18289
18298
18300
18316
18331
18332
18336
18340
18342
18375
18382
18400
18407
18429
18431
18445
18450
18460
18486
18489
18522
18526
18527
18541
18562
18574
18578
18580
18585
18601
18603
18609
18612
18621
18625
18626
18635
18639
18643
18652
18661
18665
18677
18686
18690
18695
18696
18700
18702
18707
18709
18712
18723
18736
18745
18750
18753
18764
18769
18779
18782
18783
18803
18805
18817
18825
18826
18828
18831
18838
18842
18846
18849
18852
18884
18885
18888
18889
18891
18894
18896
18899
18907
18911
18924
18926
18932
18941
18950
18952
18969
18972
19004
19005
19012
19017
19032
19044
19048
19053
19068
19077
19080
19084
19088
19095
19098
19113
19127
19136
19150
19163
19165
19167
19168
19169
19175
19177
19183
19186
19187
19198
19199
19203
19205
19210
19215
19217
19224
19229
19240
19247
19252
19254
19256
19258
19261
19264
19266
19278
19280
19281
19282
19285
19286
19290
19291
19298
19301
19304
19311
19318
19329
19332
19333
19336
19338
19339
19340
19342
19362
19366
19369
19374
19393
19426
19435
19448
19452
19454
19463
19464
19472
19474
19502
19508
19509
19514
19518
19521
19522
19528
19531
19549
19556
19568
19573
19579
19580
19583
19584
19586
19588
19591
19593
19613
19615
19625
19627
19647
19652
19653
19654
19657
19660
19665
19668
19669
19672
19675
19676
19680
19683
19690
19704
19705
19714
19722
19725
19737
19738
19741
19753
19759
19764
19774
19783
19797
19803
19804
19815
19821
19822
19828
19833
19835
19836
19840
19847
19849
19869
19871
19873
19878
19879
19882
19888
19890
19893
19901
19907
19916
19921
19922
19923
19924
19930
19941
19943
19949
19950
19959
19960
19967
19972
19975
19986
19997
20004
20005
20015
20020
20036
20038
20044
20062
20073
20078
20087
20093
20094
20095
20098
20102
20112
20116
20117
20121
20140
20142
20143
20148
20152
20169
20172
20190
20192
20212
20214
20216
20221
20240
20251
20253
20254
20273
20290
20296
20308
20310
20314
20321
20322
20335
20354
20360
20361
20370
20371
20386
20397
20403
20404
20407
20410
20413
20419
20420
20424
20432
20436
20441
20443
20452
20464
20470
20475
20478
20479
20480
20493
20500
20504
20523
20525
20528
20529
20549
20553
20572
20580
20582
20583
20585
20591
20596
20598
20605
20607
20618
20622
20626
20633
20636
20642
20646
20669
20673
20679
20688
20699
20711
20721
20732
20733
20745
20746
20754
20759
20760
20761
20766
20767
20775
20789
20792
20793
20798
20804
20807
20826
20829
20836
20839
20843
20844
20846
20848
20854
20857
20861
20865
20873
20875
20885
20887
20889
20893
20896
20898
20906
20909
20950
20957
20963
20970
20972
20975
20978
20983
20988
20992
20995
20996
21003
21008
21013
21033
21035
21056
21070
21088
21091
21095
21098
21099
21103
21104
21106
21135
21154
21168
21174
21180
21181
21186
21191
21199
21200
21208
21213
21217
21223
21229
21237
21241
21247
21251
21254
21259
21288
21295
21303
21313
21322
21325
21326
21329
21339
21343
21344
21351
21377
21378
21386
21389
21394
21396
21397
21402
21422
21423
21429
21436
21446
21458
21460
21461
21463
21471
21476
21479
21481
21498
21505
21517
21525
21528
21537
21543
21562
21568
21571
21572
21575
21579
21581
21584
21628
21630
21637
21640
21645
21669
21671
21675
21692
21695
21703
21714
21734
21741
21742
21765
21773
21779
21783
21792
21793
21797
21801
21802
21805
21810
21822
21828
21835
21851
21852
21853
21855
21862
21869
21877
21880
21886
21890
21893
21910
21916
21918
21935
21938
21943
21947
21954
21960
21963
21968
21972
21977
21983
21985
21986
21990
22004
22012
22017
22035
22037
22046
22048
22050
22053
22059
22064
22065
22070
22080
22083
22085
22089
22092
22097
22103
22105
22109
22110
22112
22118
22124
22142
22152
22168
22176
22178
22200
22202
22203
22204
22205
22231
22232
22238
22239
22244
22246
22254
22255
22258
22260
22270
22276
22279
22280
22285
22287
22296
22298
22314
22321
22330
22336
22348
22352
22361
22362
22363
22369
22373
22379
22383
22384
22387
22391
22400
22411
22422
22430
22446
22447
22454
22456
22458
22462
22464
22471
22479
22486
22487
22495
22507
22509
22520
22521
22529
22543
22544
22546
22549
22568
22571
22572
22574
22582
22586
22589
22596
22599
22602
22605
22606
22607
22617
22630
22636
22655
22666
22673
22678
22679
22680
22683
22689
22698
22707
22722
22743
22745
22749
22753
22756
22770
22784
22787
22791
22802
22809
22812
22816
22818
22820
22821
22825
22835
22837
22858
22873
22883
22886
22892
22893
22900
22901
22917
22920
22923
22927
22941
22944
22946
22947
22953
22963
22973
22974
22994
22995
22997
23004
23007
23008
23013
23015
23022
23028
23039
23051
23052
23057
23059
23064
23066
23068
23078
23083
23090
23091
23101
23108
23109
23117
23126
23137
23141
23144
23150
23152
23156
23166
23168
23169
23177
23180
23181
23182
23187
23188
23190
23196
23202
23213
23214
23226
23231
23242
23245
23248
23251
23258
23262
23263
23272
23284
23289
23294
23300
23307
23317
23318
23323
23327
23331
23337
23340
23348
23353
23364
23375
23379
23380
23393
23395
23401
23403
23405
23426
23427
23430
23436
23453
23454
23459
23461
23473
23474
23476
23488
23495
23497
23499
23501
23505
23508
23509
23514
23520
23522
23526
23533
23539
23540
23544
23545
23546
23556
23571
23585
23588
23589
23591
23594
23608
23609
23621
23632
23644
23647
23652
23656
23667
23670
23674
23693
23694
23708
23724
23742
23760
23763
23765
23766
23767
23773
23775
23776
23784
23796
23798
23808
23816
23818
23820
23822
23825
23830
23840
23844
23863
23866
23870
23881
23882
23883
23887
23890
23903
23927
23941
23968
23969
23971
23976
23987
23992
24003
24018
24023
24024
24025
24028
24035
24037
24038
24050
24054
24056
24060
24066
24071
24077
24093
24103
24114
24121
24125
24135
24143
24147
24149
24150
24159
24169
24179
24180
24184
24185
24195
24201
24210
24213
24218
24224
24225
24226
24227
24229
24230
24242
24248
24261
24262
24278
24279
24284
24285
24287
24295
24298
24314
24320
24321
24325
24333
24335
24338
24347
24350
24353
24356
24360
24381
24389
24394
24395
24397
24405
24410
24419
24432
24433
24435
24439
24443
24447
24452
24453
24454
24458
24462
24464
24465
24466
24467
24484
24495
24497
24540
24544
24548
24551
24557
24561
24569
24576
24586
24597
24600
24619
24625
24626
24635
24636
24637
24642
24647
24653
24657
24658
24666
24673
24678
24684
24688
24689
24692
24699
24701
24703
24708
24714
24726
24727
24728
24733
24739
24743
24745
24746
24759
24767
24777
24788
24798
24806
24815
24824
24834
24837
24843
24848
24852
24853
24857
24859
24866
24879
24880
24881
24882
24887
24894
24897
24906
24908
24909
24911
24917
24923
24932
24936
24937
24955
24962
24964
24974
24975
24977
24981
25004
25012
25020
25023
25040
25046
25078
25090
25098
25107
25108
25109
25113
25116
25119
25123
25124
25133
25138
25142
25146
25149
25159
25160
25161
25186
25190
25193
25201
25235
25244
25245
25251
25256
25259
25264
25268
25277
25283
25291
25295
25300
25308
25312
25319
25329
25339
25341
25345
25351
25355
25359
25360
25372
25374
25378
25379
25385
25404
25415
25418
25427
25441
25456
25457
25458
25464
25474
25475
25477
25481
25482
25485
25496
25503
25510
25511
25537
25542
25543
25551
25554
25559
25568
25611
25622
25627
25631
25638
25644
25645
25646
25649
25650
25653
25654
25655
25660
25663
25665
25670
25678
25684
25698
25699
25700
25704
25707
25708
25709
25719
25721
25724
25734
25735
25736
25737
25738
25743
25744
25758
25759
25776
25784
25785
25788
25797
25799
25820
25826
25839
25846
25857
25863
25866
25874
25879
25890
25897
25904
25919
25922
25928
25935
25940
25943
25945
25946
25951
25952
25961
25962
25963
25964
25968
25970
25972
25973
25977
25990
25996
25999
26002
26004
26006
26014
26015
26026
26034
26043
26056
26059
26078
26083
26086
26087
26092
26094
26099
26104
26105
26110
26113
26129
26135
26151
26152
26154
26155
26158
26173
26178
26179
26183
26184
26188
26198
26202
26204
26210
26212
26218
26222
26223
26245
26251
26263
26275
26279
26281
26287
26296
26305
26314
26315
26322
26327
26332
26341
26365
26367
26368
26369
26380
26387
26390
26399
26407
26412
26429
26432
26439
26452
26455
26458
26471
26489
26500
26506
26508
26514
26523
26528
26539
26543
26544
26552
26553
26555
26559
26560
26561
26567
26577
26578
26585
26588
26590
26595
26620
26632
26643
26644
26645
26676
26680
26699
26701
26711
26717
26721
26722
26735
26745
26750
26758
26760
26768
26772
26774
26782
26783
26807
26808
26818
26819
26824
26831
26844
26849
26851
26852
26863
26865
26879
26888
26896
26900
26903
26909
26919
26925
26931
26940
26942
26943
26944
26946
26950
26953
26956
26979
26980
26992
26995
27000
27021
27023
27025
27028
27038
27039
27049
27050
27052
27069
27077
27080
27084
27087
27090
27112
27114
27117
27119
27120
27121
27127
27135
27139
27169
27187
27189
27212
27214
27218
27223
27237
27238
27252
27253
27267
27269
27277
27283
27285
27294
27302
27303
27305
27311
27313
27316
27322
27323
27327
27337
27340
27341
27361
27363
27365
27369
27383
27387
27392
27394
27395
27409
27418
27425
27437
27451
27461
27462
27464
27468
27469
27476
27487
27488
27498
27501
27510
27513
27515
27522
27542
27551
27553
27570
27579
27588
27589
27601
27604
27611
27614
27617
27624
27630
27637
27641
27642
27646
27656
27660
27668
27673
27685
27698
27705
27711
27718
27729
27730
27735
27744
27754
27770
27773
27784
27785
27807
27843
27849
27851
27853
27856
27857
27858
27876
27889
27897
27904
27905
27906
27918
27928
27933
27939
27940
27943
27947
27950
27963
27967
27975
27981
27984
28000
28007
28019
28023
28024
28041
28043
28052
28055
28059
28066
28073
28075
28081
28086
28088
28102
28114
28116
28155
28161
28165
28178
28195
28199
28207
28214
28233
28239
28251
28253
28269
28284
28291
28301
28303
28312
28316
28317
28332
28339
28340
28341
28343
28347
28364
28367
28370
28371
28373
28375
28378
28385
28389
28396
28397
28400
28404
28407
28422
28425
28430
28431
28439
28453
28457
28458
28466
28476
28485
28515
28517
28522
28529
28531
28545
28547
28552
28555
28556
28560
28564
28566
28567
28573
28574
28579
28585
28596
28597
28599
28608
28610
28613
28619
28620
28627
28632
28634
28636
28654
28656
28659
28683
28699
28714
28715
28718
28722
28726
28727
28741
28744
28747
28755
28758
28760
28763
28773
28784
28804
28808
28809
28811
28817
28821
28825
28833
28839
28859
28874
28884
28887
28898
28901
28908
28909
28910
28913
28931
28933
28940
28942
28946
28951
28953
28964
28978
28979
28980
28998
29001
29002
29006
29012
29016
29028
29031
29045
29056
29063
29065
29069
29072
29075
29084
29087
29088
29091
29092
29100
29110
29115
29138
29142
29147
29151
29162
29165
29167
29173
29183
29204
29206
29213
29214
29216
29231
29232
29237
29240
29266
29277
29279
29283
29286
29296
29303
29310
29312
29313
29314
29325
29327
29329
29335
29353
29354
29359
29360
29376
29381
29387
29391
29415
29419
29424
29446
29447
29458
29460
29466
29468
29474
29476
29481
29490
29518
29522
29540
29541
29542
29544
29560
29600
29602
29608
29624
29630
29635
29636
29642
29645
29656
29664
29672
29674
29678
29706
29707
29714
29718
29721
29729
29731
29734
29737
29749
29750
29777
29787
29807
29813
29823
29824
29829
29845
29850
29856
29859
29870
29874
29880
29881
29897
29900
29907
29912
29918
29919
29930
29931
29941
29943
29952
29957
29963
29968
29970
29972
29973
29984
29985
29988
29995
29997
30001
30009
30023
30038
30041
30044
30051
30053
30055
30061
30067
30073
30077
30084
30085
30090
30095
30099
30100
30114
30120
30133
30139
30141
30151
30158
30163
30169
30180
30182
30183
30184
30185
30189
30191
30192
30205
30207
30219
30223
30231
30255
30256
30264
30274
30277
30279
30282
30284
30295
30298
30305
30315
30320
30332
30343
30351
30354
30356
30359
30360
30373
30389
30394
30405
30411
30422
30426
30428
30429
30431
30432
30435
30446
30463
30494
30498
30502
30505
30507
30524
30525
30537
30538
30549
30552
30556
30557
30558
30564
30568
30579
30581
30584
30602
30606
30607
30608
30614
30617
30623
30633
30641
30646
30651
30657
30658
30687
30702
30719
30723
30728
30740
30742
30745
30750
30752
30754
30755
30760
30766
30768
30775
30780
30799
30803
30805
30813
30846
30851
30855
30857
30858
30861
30886
30888
30890
30905
30918
30953
30959
30967
30972
30974
30978
30979
30989
30991
30993
30994
31003
31006
31010
31011
31020
31021
31031
31035
31039
31042
31043
31044
31049
31054
31065
31066
31069
31075
31077
31079
31080
31092
31099
31109
31115
31123
31134
31136
31138
31146
31148
31155
31170
31177
31178
31181
31198
31205
31209
31217
31224
31226
31228
31241
31242
31244
31249
31251
31257
31267
31272
31273
31296
31306
31312
31315
31337
31342
31349
31352
31369
31382
31383
31386
31397
31401
31416
31417
31419
31420
31437
31445
31448
31451
31452
31453
31459
31464
31483
31493
31513
31514
31530
31531
31541
31545
31547
31548
31553
31557
31565
31576
31580
31584
31589
31599
31605
31614
31621
31628
31631
31663
31666
31673
31677
31678
31684
31702
31705
31715
31723
31726
31730
31735
31737
31742
31751
31759
31762
31774
31779
31795
31801
31802
31808
31818
31823
31827
31828
31831
31836
31838
31845
31850
31862
31863
31871
31895
31902
31907
31910
31912
31913
31932
31933
31936
31959
31963
31973
31974
31981
31982
31986
32005
32014
32016
32017
32020
32021
32024
32027
32028
32034
32041
32042
32045
32046
32049
32050
32056
32074
32075
32079
32097
32103
32108
32109
32117
32137
32141
32147
32149
32152
32164
32169
32180
32182
32193
32199
32205
32214
32221
32222
32225
32226
32228
32233
32242
32245
32246
32248
32251
32253
32259
32263
32264
32265
32295
32296
32301
32302
32316
32319
32325
32329
32335
32346
32360
32363
32364
32371
32379
32382
32396
32408
32410
32414
32423
32429
32431
32434
32439
32448
32451
32459
32461
32467
32476
32479
32492
32509
32516
32524
32525
32526
32533
32536
32537
32541
32544
32559
32565
32570
32582
32585
32592
32594
32603
32613
32640
32642
32645
32647
32658
32663
32666
32669
32675
32676
32686
32693
32694
32696
32705
32712
32716
32721
32722
32728
32738
32742
32745
32769
32773
32784
32791
32817
32820
32821
32824
32828
32848
32854
32861
32866
32874
32879
32881
32883
32894
32897
32906
32911
32916
32917
32921
32923
32932
32934
32942
32949
32960
32964
32977
32992
32999
33002
33010
33016
33017
33019
33022
33043
33054
33057
33075
33086
33087
33090
33097
33099
33100
33107
33108
33109
33114
33122
33138
33148
33161
33163
33168
33177
33183
33184
33201
33202
33203
33204
33217
33222
33228
33231
33232
33233
33238
33241
33247
33258
33270
33276
33288
33290
33293
33296
33298
33305
33322
33323
33333
33337
33339
33345
33347
33348
33350
33351
33352
33361
33367
33377
33387
33391
33396
33407
33416
33418
33419
33421
33422
33425
33431
33437
33438
33439
33440
33443
33448
33449
33451
33455
33463
33466
33468
33481
33493
33497
33514
33517
33523
33525
33529
33539
33542
33543
33547
33549
33566
33567
33573
33577
33578
33580
33590
33592
33593
33600
33610
33612
33618
33620
33622
33630
33634
33660
33663
33667
33670
33677
33687
33692
33693
33694
33695
33704
33721
33723
33725
33729
33734
33740
33741
33742
33749
33752
33753
33754
33770
33777
33778
33785
33793
33796
33799
33817
33818
33828
33829
33843
33849
33853
33856
33861
33863
33867
33868
33871
33872
33874
33883
33893
33896
33900
33904
33910
33911
33926
33928
33932
33935
33937
33949
33954
33958
33969
33970
33987
33992
34003
34005
34008
34016
34022
34023
34034
34049
34051
34078
34091
34125
34135
34136
34152
34163
34169
34170
34176
34184
34185
34188
34201
34215
34217
34220
34223
34225
34230
34231
34234
34237
34245
34256
34261
34268
34269
34276
34281
34283
34285
34331
34350
34353
34362
34366
34367
34369
34374
34379
34380
34390
34394
34404
34417
34420
34424
34425
34428
34430
34431
34435
34438
34440
34442
34446
34453
34455
34456
34457
34467
34470
34485
34487
34490
34494
34504
34509
34514
34520
34521
34538
34555
34560
34564
34580
34581
34587
34602
34620
34630
34635
34640
34641
34642
34643
34646
34647
34650
34661
34666
34668
34670
34683
34698
34706
34710
34711
34720
34750
34753
34757
34774
34780
34781
34802
34806
34809
34821
34824
34836
34839
34843
34851
34858
34866
34868
34870
34889
34892
34895
34897
34906
34928
34929
34935
34939
34940
34950
34969
34970
34971
34979
34990
34991
34994
35006
35015
35019
35021
35022
35026
35029
35042
35045
35047
35052
35056
35069
35089
35093
35096
35112
35113
35118
35127
35133
35137
35142
35147
35164
35165
35167
35181
35186
35187
35192
35202
35205
35206
35207
35211
35216
35226
35227
35234
35239
35245
35261
35275
35279
35286
35293
35300
35317
35318
35320
35323
35331
35339
35342
35351
35355
35365
35366
35379
35387
35397
35399
35402
35409
35414
35440
35443
35444
35445
35458
35459
35473
35482
35488
35490
35491
35492
35494
35505
35508
35510
35514
35543
35546
35551
35553
35587
35601
35610
35612
35619
35620
35639
35640
35644
35647
35667
35668
35674
35716
35719
35728
35735
35750
35752
35772
35794
35795
35799
35806
35808
35810
35820
35822
35834
35840
35846
35857
35861
35863
35864
35868
35874
35875
35876
35880
35883
35884
35886
35888
35889
35902
35915
35920
35927
35933
35934
35944
35946
35962
35965
35981
35997
35998
35999
36014
36016
36039
36057
36078
36080
36081
36089
36100
36101
36111
36114
36123
36124
36125
36130
36134
36152
36153
36157
36162
36166
36172
36181
36183
36184
36185
36207
36220
36224
36228
36231
36233
36239
36243
36253
36254
36256
36261
36264
36273
36283
36285
36291
36293
36299
36308
36309
36312
36322
36326
36328
36334
36335
36336
36343
36352
36386
36387
36394
36407
36411
36435
36437
36453
36456
36464
36465
36470
36475
36478
36480
36491
36496
36497
36512
36515
36519
36526
36532
36539
36546
36550
36553
36555
36564
36569
36572
36578
36581
36584
36587
36590
36596
36598
36606
36607
36612
36615
36618
36623
36648
36650
36662
36676
36689
36690
36700
36703
36717
36723
36729
36735
36741
36747
36748
36751
36756
36758
36762
36786
36797
36798
36800
36829
36831
36832
36837
36852
36853
36856
36861
36879
36888
36893
36900
36901
36909
36916
36923
36924
36931
36935
36937
36947
36959
36963
36968
36974
36984
36985
36987
36999
37002
37004
37038
37063
37065
37066
37091
37095
37098
37101
37109
37118
37119
37129
37146
37152
37161
37166
37168
37172
37183
37186
37200
37201
37202
37205
37207
37213
37218
37244
37249
37255
37261
37263
37270
37280
37290
37293
37295
37301
37325
37339
37353
37361
37362
37367
37396
37418
37425
37437
37439
37444
37449
37461
37467
37468
37481
37482
37483
37486
37487
37489
37491
37495
37507
37508
37512
37516
37521
37525
37527
37533
37540
37542
37546
37550
37563
37566
37568
37569
37572
37575
37576
37577
37593
37598
37602
37612
37637
37645
37648
37649
37671
37674
37675
37693
37722
37725
37730
37735
37742
37750
37753
37755
37762
37772
37778
37780
37781
37786
37788
37789
37802
37803
37839
37850
37852
37856
37860
37862
37863
37866
37869
37882
37886
37898
37905
37913
37916
37917
37936
37938
37946
37957
37964
37965
37973
37975
37981
37984
38033
38035
38042
38048
38053
38059
38071
38072
38073
38075
38080
38082
38088
38101
38103
38106
38109
38113
38120
38137
38140
38142
38155
38159
38166
38174
38175
38178
38191
38192
38219
38227
38229
38233
38246
38258
38263
38266
38267
38268
38272
38280
38282
38287
38313
38321
38332
38333
38349
38354
38361
38394
38395
38421
38423
38437
38440
38446
38451
38456
38457
38460
38467
38469
38474
38487
38499
38501
38502
38507
38521
38522
38526
38533
38537
38541
38547
38553
38561
38562
38565
38566
38567
38580
38585
38596
38602
38606
38610
38616
38624
38642
38643
38647
38650
38665
38676
38678
38686
38687
38689
38693
38695
38700
38701
38714
38717
38722
38724
38725
38726
38733
38740
38744
38757
38761
38763
38764
38775
38782
38785
38788
38790
38791
38811
38816
38819
38824
38829
38831
38853
38855
38856
38857
38868
38869
38870
38871
38883
38897
38901
38903
38911
38920
38929
38939
38941
38944
38948
38949
38951
38958
38989
38993
38997
38998
39000
39002
39007
39012
39020
39024
39025
39026
39029
39036
39041
39046
39052
39059
39073
39074
39075
39081
39095
39101
39114
39117
39123
39128
39136
39148
39150
39155
39156
39158
39169
39180
39184
39194
39205
39206
39209
39229
39234
39236
39238
39242
39252
39291
39295
39297
39300
39316
39317
39318
39320
39327
39331
39335
39337
39343
39346
39353
39359
39362
39363
39377
39378
39389
39393
39410
39414
39421
39423
39432
39438
39441
39455
39456
39458
39459
39462
39480
39482
39484
39495
39515
39519
39520
39530
39531
39535
39537
39544
39548
39552
39558
39559
39562
39571
39576
39586
39597
39599
39616
39624
39628
39635
39640
39643
39647
39656
39658
39659
39662
39665
39666
39674
39676
39678
39680
39684
39693
39696
39703
39707
39711
39717
39719
39726
39730
39737
39740
39743
39749
39752
39754
39763
39766
39768
39772
39775
39777
39781
39796
39801
39805
39809
39812
39818
39819
39827
39828
39836
39865
39868
39870
39871
39894
39896
39899
39904
39905
39911
39914
39919
39923
39924
39955
39957
39960
39962
39964
39966
39971
39976
39993
39999
40001
40004
40005
40012
40025
40034
40041
40056
40060
40064
40087
40093
40099
40107
40109
40118
40119
40125
40126
40136
40157
40174
40183
40192
40196
40199
40201
40206
40224
40227
40251
40253
40263
40267
40270
40277
40280
40281
40285
40287
40289
40291
40293
40302
40305
40315
40318
40319
40328
40329
40338
40341
40343
40350
40354
40359
40366
40373
40378
40392
40397
40402
40409
40413
40419
40422
40429
40435
40445
40451
40452
40454
40460
40463
40470
40472
40485
40507
40522
40525
40532
40534
40548
40551
40563
40564
40568
40578
40580
40583
40589
40590
40595
40602
40604
40605
40606
40614
40634
40635
40638
40645
40655
40657
40662
40673
40674
40680
40703
40710
40713
40721
40731
40736
40742
40753
40757
40763
40785
40792
40794
40796
40815
40816
40824
40825
40826
40843
40854
40855
40856
40861
40862
40864
40867
40871
40876
40879
40881
40900
40901
40903
40906
40912
40932
40935
40936
40949
40953
40957
40967
40970
40973
40983
40994
40996
41019
41022
41027
41028
41033
41040
41047
41052
41058
41066
41067
41068
41074
41079
41086
41091
41094
41097
41106
41114
41120
41124
41125
41129
41144
41147
41150
41152
41155
41157
41170
41178
41214
41217
41220
41224
41251
41259
41261
41265
41270
41277
41278
41282
41284
41295
41301
41315
41316
41326
41331
41339
41345
41346
41353
41356
41358
41362
41368
41369
41376
41384
41386
41391
41392
41398
41407
41413
41423
41425
41426
41434
41450
41471
41477
41496
41497
41501
41515
41517
41520
41523
41524
41526
41527
41530
41537
41541
41549
41551
41562
41566
41571
41582
41590
41598
41600
41605
41607
41610
41611
41618
41619
41620
41626
41629
41635
41656
41661
41667
41686
41689
41691
41693
41695
41701
41719
41721
41730
41732
41734
41736
41746
41756
41757
41765
41794
41797
41801
41805
41819
41834
41841
41845
41846
41856
41861
41864
41878
41879
41881
41895
41910
41916
41917
41926
41931
41936
41939
41943
41949
41969
41973
41977
41982
41985
41987
41989
42011
42014
42034
42038
42043
42045
42046
42053
42068
42070
42087
42104
42106
42112
42113
42121
42122
42125
42127
42131
42148
42149
42156
42161
42168
42171
42176
42179
42192
42193
42201
42202
42212
42231
42232
42250
42255
42263
42266
42276
42285
42286
42291
42295
42301
42310
42316
42322
42325
42329
42342
42348
42355
42364
42380
42382
42384
42398
42399
42401
42410
42413
42426
42440
42441
42453
42456
42472
42484
42485
42487
42490
42496
42504
42515
42528
42533
42534
42542
42545
42549
42552
42560
42566
42567
42576
42580
42582
42583
42585
42586
42587
42593
42603
42606
42615
42632
42634
42644
42648
42651
42659
42663
42672
42680
42696
42699
42704
42732
42734
42753
42755
42763
42765
42773
42777
42788
42791
42801
42809
42816
42817
42824
42834
42852
42880
42889
42890
42894
42906
42915
42921
42938
42953
42955
42956
42957
42961
42962
42979
42980
42992
42993
43004
43006
43015
43024
43029
43030
43031
43044
43047
43051
43054
43063
43069
43070
43071
43090
43102
43110
43113
43122
43129
43135
43139
43140
43149
43157
43165
43168
43169
43174
43177
43182
43195
43210
43216
43242
43264
43268
43280
43289
43293
43301
43302
43306
43322
43329
43331
43339
43340
43342
43355
43357
43362
43363
43376
43384
43387
43390
43401
43407
43412
43420
43425
43430
43432
43433
43439
43450
43453
43460
43471
43473
43478
43497
43506
43508
43509
43514
43516
43520
43530
43535
43542
43546
43576
43577
43581
43590
43599
43600
43613
43615
43616
43620
43642
43643
43646
43650
43652
43654
43656
43659
43665
43672
43674
43676
43680
43682
43696
43699
43700
43706
43709
43711
43716
43717
43719
43720
43721
43732
43739
43756
43757
43767
43768
43772
43776
43779
43780
43784
43785
43820
43821
43828
43838
43842
43846
43852
43872
43873
43874
43877
43884
43888
43898
43900
43907
43908
43921
43922
43929
43951
43955
43959
43961
43964
43966
43972
43981
43985
43987
43989
44004
44012
44034
44037
44043
44048
44050
44061
44062
44064
44065
44071
44072
44085
44093
44094
44110
44114
44116
44118
44126
44127
44130
44135
44136
44137
44138
44154
44155
44161
44179
44181
44188
44195
44199
44205
44206
44235
44246
44252
44260
44261
44266
44269
44272
44281
44282
44292
44296
44316
44322
44324
44333
44334
44341
44358
44369
44377
44379
44381
44384
44394
44417
44420
44437
44438
44451
44452
44461
44462
44469
44478
44480
44484
44502
44511
44522
44525
44548
44553
44559
44569
44579
44588
44589
44590
44595
44597
44617
44622
44625
44626
44629
44630
44655
44656
44661
44676
44678
44680
44688
44689
44691
44692
44697
44705
44709
44713
44724
44743
44746
44762
44779
44781
44784
44787
44792
44796
44805
44827
44828
44837
44839
44851
44855
44860
44871
44872
44875
44885
44890
44894
44896
44902
44916
44920
44925
44933
44942
44944
44945
44948
44949
44951
44952
44959
44965
44988
44989
44994
44997
44999
45011
45022
45024
45030
45034
45040
45043
45056
45058
45063
45065
45091
45095
45096
45099
45101
45110
45117
45127
45136
45138
45139
45151
45154
45159
45168
45180
45196
45202
45210
45220
45240
45245
45258
45260
45268
45272
45274
45291
45293
45295
45298
45321
45332
45333
45337
45350
45395
45401
45405
45407
45423
45425
45435
45442
45444
45453
45459
45460
45470
45474
45483
45503
45521
45523
45524
45526
45527
45531
45532
45539
45543
45547
45559
45573
45586
45587
45591
45592
45595
45601
45612
45614
45619
45622
45624
45629
45640
45650
45654
45655
45663
45666
45668
45673
45674
45675
45679
45683
45695
45703
45711
45715
45721
45726
45737
45742
45760
45763
45764
45768
45776
45777
45789
45791
45793
45798
45819
45825
45844
45850
45885
45898
45904
45909
45912
45917
45919
45932
45936
45938
45944
45974
45975
46009
46011
46023
46027
46036
46040
46042
46044
46047
46051
46052
46062
46065
46068
46069
46070
46074
46080
46085
46092
46093
46097
46111
46112
46124
46128
46132
46140
46142
46148
46161
46167
46170
46171
46179
46182
46190
46196
46200
46205
46207
46208
46218
46231
46238
46241
46244
46268
46275
46277
46298
46309
46311
46318
46320
46323
46332
46338
46339
46341
46349
46351
46355
46356
46367
46376
46378
46389
46393
46400
46410
46412
46413
46415
46416
46420
46428
46431
46437
46438
46442
46451
46465
46466
46469
46470
46471
46473
46484
46494
46496
46502
46505
46507
46536
46540
46544
46558
46563
46566
46569
46577
46582
46588
46618
46622
46635
46638
46654
46658
46665
46666
46674
46675
46685
46689
46706
46718
46724
46729
46730
46731
46733
46734
46738
46747
46753
46775
46781
46786
46787
46789
46798
46804
46807
46818
46826
46838
46852
46864
46878
46879
46895
46896
46899
46903
46913
46937
46941
46944
46949
46951
46955
46971
46973
46980
46983
46992
47006
47020
47021
47026
47031
47037
47039
47041
47042
47048
47055
47057
47061
47062
47066
47069
47072
47086
47087
47089
47094
47099
47105
47108
47112
47114
47115
47122
47127
47134
47140
47144
47152
47158
47165
47168
47177
47186
47191
47193
47197
47198
47211
47213
47216
47218
47220
47227
47228
47234
47236
47239
47244
47251
47264
47269
47272
47275
47283
47293
47300
47303
47306
47319
47324
47345
47350
47361
47387
47396
47399
47401
47417
47424
47429
47431
47440
47444
47446
47449
47454
47458
47459
47471
47484
47485
47497
47500
47513
47521
47523
47525
47527
47530
47531
47537
47540
47541
47546
47548
47550
47553
47574
47582
47608
47613
47614
47615
47617
47623
47624
47636
47637
47639
47640
47645
47657
47658
47660
47665
47689
47705
47715
47719
47729
47734
47762
47768
47776
47788
47797
47808
47809
47813
47815
47820
47821
47827
47837
47838
47846
47848
47858
47860
47898
47905
47909
47910
47916
47921
47924
47926
47930
47933
47939
47959
47963
47975
47979
47980
48003
48005
48007
48008
48014
48016
48024
48025
48026
48028
48041
48043
48051
48054
48056
48060
48063
48065
48076
48099
48100
48104
48105
48118
48119
48128
48133
48138
48142
48147
48152
48155
48177
48178
48180
48181
48203
48212
48213
48223
48228
48258
48266
48267
48269
48277
48293
48302
48304
48329
48330
48332
48334
48335
48338
48343
48347
48352
48381
48397
48403
48430
48435
48437
48441
48446
48458
48459
48464
48471
48477
48484
48489
48490
48491
48497
48498
48507
48511
48515
48523
48528
48541
48542
48543
48545
48554
48565
48568
48581
48582
48589
48619
48629
48630
48637
48642
48648
48650
48658
48659
48666
48674
48679
48685
48693
48705
48730
48737
48747
48755
48758
48759
48763
48778
48779
48788
48798
48800
48812
48819
48825
48828
48836
48851
48859
48861
48870
48871
48872
48882
48890
48896
48900
48918
48925
48934
48945
48954
48969
48971
48976
48977
48985
48986
48994
48997
49004
49020
49021
49031
49036
49041
49046
49052
49055
49056
49058
49064
49076
49079
49089
49100
49113
49117
49121
49124
49134
49146
49158
49169
49172
49176
49181
49182
49184
49186
49193
49205
49219
49226
49229
49232
49234
49245
49251
49254
49260
49264
49268
49276
49287
49301
49306
49310
49314
49339
49341
49347
49354
49355
49365
49391
49394
49401
49408
49425
49437
49449
49454
49468
49478
49482
49488
49490
49497
49511
49512
49530
49534
49540
49542
49548
49550
49552
49585
49587
49595
49597
49598
49599
49603
49610
49612
49614
49620
49624
49672
49688
49689
49699
49700
49701
49702
49703
49751
49753
49755
49763
49765
49769
49775
49778
49785
49801
49808
49816
49818
49821
49822
49823
49824
49826
49829
49836
49841
49850
49853
49863
49873
49874
49877
49878
49892
49895
49897
49912
49916
49917
49932
49939
49942
49944
49948
49949
49962
49967
49968
49969
49982
49986
49987
49989
49992
50001
50010
50011
50014
50018
50026
50031
50035
50039
50049
50053
50066
50070
50074
50075
50076
50079
50083
50084
50088
50098
50101
50118
50124
50127
50136
50137
50140
50152
50165
50176
50195
50196
50207
50227
50231
50232
50234
50235
50249
50258
50262
50285
50289
50290
50295
50296
50301
50302
50303
50306
50315
50325
50348
50361
50375
50380
50381
50388
50398
50417
50457
50459
50461
50463
50465
50471
50479
50487
50506
50510
50511
50515
50518
50525
50528
50532
50535
50538
50546
50548
50552
50564
50573
50577
50581
50594
50599
50603
50610
50624
50631
50633
50649
50662
50681
50686
50691
50692
50702
50709
50711
50713
50718
50730
50745
50749
50758
50759
50760
50768
50770
50786
50793
50794
50806
50822
50832
50835
50838
50844
50849
50850
50851
50860
50864
50871
50881
50882
50891
50904
50914
50915
50918
50921
50926
50933
50936
50940
50950
50951
50953
50958
50961
50967
50970
50973
50977
50981
50989
50999
51001
51002
51014
51031
51036
51037
51042
51046
51049
51054
51058
51066
51073
51078
51084
51089
51092
51093
51100
51103
51114
51122
51124
51126
51138
51145
51155
51161
51162
51172
51180
51182
51187
51190
51191
51195
51196
51207
51215
51223
51229
51237
51238
51241
51243
51244
51245
51247
51251
51253
51260
51262
51274
51289
51310
51311
51313
51314
51315
51316
51325
51336
51337
51343
51344
51346
51348
51356
51376
51395
51396
51397
51413
51416
51420
51422
51427
51440
51457
51459
51463
51467
51468
51471
51472
51489
51498
51500
51531
51533
51534
51553
51562
51571
51572
51575
51579
51582
51588
51595
51603
51606
51612
51616
51627
51630
51631
51639
51642
51643
51646
51657
51660
51689
51690
51694
51695
51708
51710
51726
51739
51754
51755
51758
51778
51787
51804
51816
51817
51837
51840
51851
51860
51863
51867
51873
51877
51878
51895
51909
51916
51917
51925
51926
51937
51947
51970
51977
51979
51981
51984
51985
51996
52017
52021
52026
52031
52037
52042
52045
52050
52054
52057
52063
52071
52093
52094
52095
52100
52115
52124
52126
52127
52131
52135
52142
52143
52144
52147
52150
52164
52170
52174
52180
52181
52182
52184
52189
52190
52193
52199
52217
52219
52228
52229
52243
52247
52261
52265
52274
52300
52306
52324
52325
52336
52340
52342
52348
52354
52356
52357
52363
52364
52366
52368
52374
52376
52393
52395
52396
52407
52409
52411
52415
52416
52423
52424
52427
52428
52429
52435
52436
52453
52466
52472
52474
52480
52488
52500
52522
52543
52551
52567
52568
52574
52590
52595
52603
52605
52617
52625
52627
52632
52635
52639
52648
52654
52658
52661
52666
52670
52682
52684
52688
52689
52704
52706
52707
52713
52719
52727
52728
52736
52739
52740
52742
52757
52760
52765
52770
52789
52796
52803
52808
52811
52826
52829
52831
52849
52852
52863
52883
52884
52903
52908
52918
52919
52920
52922
52928
52932
52935
52940
52943
52946
52948
52955
52991
52995
52999
53001
53005
53006
53027
53047
53051
53054
53065
53085
53089
53090
53095
53098
53107
53111
53117
53118
53121
53129
53131
53138
53141
53148
53149
53152
53171
53176
53177
53182
53183
53185
53194
53197
53206
53208
53238
53246
53264
53270
53274
53275
53292
53306
53307
53310
53327
53335
53347
53349
53352
53364
53374
53377
53379
53380
53382
53388
53396
53400
53415
53416
53418
53423
53432
53441
53448
53459
53465
53468
53471
53472
53482
53485
53498
53499
53501
53504
53513
53517
53519
53521
53540
53557
53560
53567
53574
53579
53581
53586
53590
53593
53594
53600
53602
53607
53616
53631
53633
53637
53639
53643
53647
53651
53655
53672
53678
53680
53687
53688
53697
53707
53708
53710
53713
53715
53717
53721
53723
53724
53725
53727
53730
53738
53740
53747
53748
53749
53788
53797
53799
53803
53820
53823
53833
53838
53842
53850
53875
53882
53884
53904
53908
53910
53913
53917
53925
53928
53934
53962
53969
53970
53989
53992
54012
54020
54029
54035
54043
54044
54060
54061
54063
54075
54078
54092
54094
54098
54106
54108
54113
54114
54131
54134
54137
54139
54147
54152
54157
54158
54161
54164
54174
54181
54188
54190
54194
54195
54196
54198
54199
54202
54204
54214
54219
54223
54230
54236
54249
54255
54263
54266
54283
54305
54312
54323
54331
54336
54349
54353
54359
54381
54391
54394
54405
54411
54422
54440
54444
54458
54466
54472
54476
54481
54505
54506
54524
54525
54532
54543
54550
54555
54558
54559
54560
54564
54575
54578
54585
54589
54596
54600
54605
54615
54617
54625
54632
54638
54642
54645
54650
54662
54663
54665
54668
54681
54698
54710
54715
54730
54751
54768
54795
54800
54805
54809
54810
54812
54826
54837
54838
54853
54856
54863
54872
54878
54884
54897
54903
54907
54915
54916
54930
54932
54937
54939
54945
54953
54970
54980
54985
54993
54997
55000
55009
55010
55014
55017
55050
55056
55068
55072
55078
55082
55089
55117
55123
55124
55160
55165
55179
55181
55194
55195
55200
55201
55204
55212
55220
55226
55240
55241
55246
55255
55257
55258
55266
55276
55279
55281
55290
55291
55297
55298
55305
55317
55322
55323
55335
55336
55344
55345
55347
55349
55356
55371
55373
55388
55390
55395
55396
55400
55410
55412
55424
55425
55431
55432
55438
55441
55443
55454
55457
55459
55471
55491
55514
55521
55524
55528
55531
55541
55542
55561
55569
55571
55576
55584
55588
55594
55595
55600
55602
55606
55612
55619
55629
55639
55649
55652
55663
55668
55673
55684
55686
55717
55724
55730
55732
55737
55741
55749
55752
55761
55772
55777
55778
55780
55781
55783
55791
55796
55804
55805
55812
55830
55849
55855
55856
55857
55861
55864
55870
55872
55880
55899
55903
55913
55927
55934
55940
55945
55950
55960
55963
55972
55974
55980
55990
55996
56011
56018
56019
56023
56029
56033
56039
56051
56064
56068
56069
56075
56083
56087
56088
56090
56092
56093
56094
56109
56112
56113
56119
56121
56123
56125
56140
56146
56151
56156
56168
56172
56196
56208
56210
56213
56214
56222
56225
56226
56231
56241
56245
56246
56248
56251
56256
56271
56272
56274
56282
56289
56307
56314
56326
56330
56344
56354
56357
56359
56367
56371
56373
56375
56381
56382
56386
56395
56398
56404
56409
56424
56429
56433
56440
56448
56450
56452
56456
56464
56465
56468
56475
56485
56502
56506
56514
56515
56516
56546
56547
56548
56556
56557
56559
56561
56563
56573
56586
56611
56614
56620
56623
56628
56634
56636
56652
56661
56681
56691
56694
56696
56702
56707
56719
56734
56737
56751
56757
56765
56767
56777
56780
56782
56799
56803
56804
56805
56813
56814
56820
56831
56841
56845
56851
56858
56868
56882
56899
56913
56924
56926
56935
56939
56942
56943
56956
56968
56979
56982
56988
56992
56993
57015
57017
57018
57026
57030
57031
57035
57042
57051
57054
57057
57059
57064
57066
57086
57087
57090
57104
57106
57110
57118
57119
57129
57133
57136
57145
57151
57163
57170
57173
57193
57216
57230
57246
57250
57256
57268
57279
57285
57304
57310
57321
57324
57330
57344
57345
57353
57366
57371
57378
57383
57384
57385
57387
57388
57394
57427
57430
57444
57446
57448
57454
57473
57479
57488
57492
57502
57519
57524
57525
57529
57530
57536
57539
57546
57547
57558
57565
57566
57567
57572
57589
57604
57605
57615
57619
57624
57628
57631
57644
57646
57691
57699
57702
57705
57706
57709
57712
57716
57717
57727
57730
57732
57741
57742
57743
57744
57746
57751
57752
57757
57770
57773
57775
57778
57779
57783
57785
57792
57800
57804
57808
57813
57817
57820
57821
57822
57826
57830
57834
57836
57840
57847
57850
57851
57852
57855
57870
57876
57881
57883
57890
57913
57917
57919
57927
57931
57934
57941
57948
57962
57965
57966
57967
57969
57970
57976
57983
57987
57999
58002
58003
58005
58008
58011
58013
58017
58023
58032
58033
58038
58041
58047
58053
58071
58086
58100
58101
58106
58111
58117
58120
58122
58143
58153
58157
58163
58167
58177
58178
58184
58192
58197
58211
58214
58223
58237
58250
58261
58267
58268
58271
58285
58288
58294
58295
58297
58317
58319
58321
58325
58326
58331
58348
58351
58354
58357
58360
58361
58365
58366
58375
58376
58378
58380
58385
58390
58397
58398
58401
58416
58422
58423
58427
58467
58473
58485
58487
58506
58507
58520
58528
58529
58531
58540
58544
58548
58554
58555
58567
58568
58571
58573
58574
58575
58594
58602
58603
58608
58609
58618
58623
58626
58639
58647
58648
58651
58658
58666
58689
58696
58699
58712
58720
58737
58746
58779
58781
58782
58783
58796
58800
58803
58816
58819
58859
58867
58872
58873
58876
58880
58885
58892
58896
58901
58917
58918
58936
58949
58954
58960
58973
58982
58984
58992
58998
59000
59001
59009
59021
59034
59035
59039
59051
59057
59060
59068
59074
59075
59076
59083
59085
59090
59104
59123
59126
59135
59137
59153
59160
59164
59167
59191
59192
59207
59216
59235
59243
59245
59269
59271
59276
59283
59287
59297
59300
59333
59335
59338
59339
59344
59347
59369
59370
59375
59381
59383
59385
59386
59387
59396
59398
59400
59403
59409
59414
59420
59426
59437
59441
59453
59463
59466
59473
59488
59490
59491
59501
59519
59523
59525
59529
59541
59549
59553
59561
59564
59565
59573
59576
59579
59580
59588
59601
59604
59606
59609
59619
59621
59625
59627
59629
59633
59637
59641
59662
59672
59677
59680
59682
59686
59699
59701
59704
59709
59711
59718
59719
59724
59729
59731
59743
59753
59760
59770
59777
59781
59785
59788
59789
59796
59798
59800
59809
59810
59815
59816
59827
59830
59840
59846
59850
59859
59872
59877
59885
59894
59898
59902
59905
59906
59916
59953
59955
59956
59960
59961
59964
59965
59991
59999
60002
60014
60022
60024
60025
60027
60044
60046
60051
60058
60065
60066
60073
60076
60078
60087
60089
60102
60104
60138
60140
60142
60146
60149
60151
60174
60178
60189
60192
60197
60199
60201
60203
60206
60207
60209
60219
60228
60257
60258
60263
60267
60274
60283
60296
60297
60304
60309
60320
60357
60358
60364
60372
60381
60406
60410
60414
60416
60417
60424
60427
60432
60433
60454
60457
60464
60465
60467
60474
60476
60477
60482
60492
60496
60502
60505
60506
60508
60510
60527
60529
60531
60538
60546
60575
60578
60582
60590
60598
60601
60609
60618
60622
60633
60634
60635
60639
60648
60663
60670
60691
60692
60695
60723
60728
60730
60735
60737
60738
60739
60754
60755
60757
60758
60763
60779
60793
60797
60805
60806
60813
60831
60833
60837
60849
60857
60861
60879
60890
60902
60903
60917
60922
60926
60946
60954
60966
60968
60976
60980
60985
60995
61013
61020
61023
61028
61031
61039
61044
61048
61085
61096
61102
61109
61125
61139
61153
61154
61158
61165
61174
61179
61181
61187
61189
61198
61200
61203
61204
61214
61217
61220
61223
61233
61245
61257
61260
61263
61266
61278
61282
61292
61313
61317
61321
61326
61330
61335
61348
61365
61374
61386
61388
61394
61400
61407
61408
61411
61414
61421
61429
61439
61441
61444
61450
61459
61483
61487
61498
61499
61506
61514
61518
61533
61545
61549
61551
61560
61562
61587
61606
61629
61642
61651
61659
61667
61672
61677
61684
61695
61702
61717
61727
61730
61751
61752
61771
61773
61779
61781
61788
61809
61840
61843
61846
61862
61880
61904
61914
61917
61943
61948
61965
61972
61984
61990
61991
61993
61994
61999
62002
62014
62015
62017
62021
62024
62032
62046
62051
62054
62057
62062
62073
62077
62082
62087
62092
62099
62112
62123
62142
62143
62159
62160
62164
62168
62175
62185
62189
62192
62212
62238
62246
62256
62269
62270
62276
62286
62293
62294
62295
62311
62326
62327
62339
62347
62349
62350
62354
62355
62365
62370
62376
62377
62379
62388
62393
62401
62416
62423
62424
62431
62452
62455
62458
62459
62467
62469
62474
62483
62486
62494
62495
62497
62499
62511
62514
62522
62534
62548
62553
62567
62571
62582
62603
62604
62611
62632
62638
62642
62649
62661
62663
62669
62672
62680
62683
62696
62697
62713
62729
62738
62739
62753
62785
62795
62800
62801
62817
62824
62826
62830
62832
62834
62835
62840
62843
62848
62849
62851
62852
62874
62875
62890
62891
62894
62900
62906
62913
62919
62923
62952
62953
62955
62960
62979
62997
63001
63020
63021
63022
63028
63033
63038
63045
63054
63056
63058
63060
63073
63077
63079
63082
63091
63097
63111
63118
63124
63125
63132
63134
63145
63154
63169
63170
63171
63180
63181
63184
63190
63197
63206
63209
63212
63216
63226
63239
63249
63263
63269
63272
63276
63277
63281
63283
63288
63293
63296
63298
63303
63304
63307
63314
63320
63338
63340
63346
63349
63355
63357
63362
63371
63375
63379
63389
63400
63418
63426
63435
63436
63438
63444
63451
63460
63464
63483
63492
63500
63514
63519
63535
63539
63542
63543
63546
63556
63560
63564
63567
63588
63593
63607
63616
63621
63629
63633
63638
63645
63656
63661
63669
63670
63680
63682
63688
63691
63694
63719
63733
63736
63741
63747
63792
63801
63816
63818
63835
63843
63856
63859
63860
63878
63890
63893
63912
63918
63919
63927
63928
63932
63936
63943
63952
63960
63964
63972
63974
63992
63993
63999
64001
64006
64013
64016
64028
64031
64036
64040
64042
64061
64065
64068
64071
64082
64091
64092
64093
64115
64117
64123
64129
64132
64135
64140
64147
64151
64170
64180
64196
64220
64238
64243
64244
64250
64255
64256
64257
64269
