  64 5
  18 6
  43 13
  16 14
  48 17
 106 18
  47 29
1161 36
  40 37
  64 43
  45 46
1067 47
  49 48
  48 49
  44 52
  47 105
   1 110
   1 112
  50 115
 105 116
 105 117
 109 118
 207 123
 107 124
  17 125
 107 132
   1 137
   3 139
   1 141
  47 143
   1 146
   1 147
   1 148
   1 149
   1 150
   1 152
   1 153
   1 154
   1 155
   1 156
   1 157
   1 158
   1 159
   1 161
   1 162
   1 163
   1 164
   1 165
   1 166
   1 167
   1 168
   1 169
   1 170
   1 171
 631 172
   1 173
   1 174
   1 175
   1 177
   1 178
   1 179
   1 180
   1 182
 634 183
   1 185
   1 186
   1 188
   1 189
   1 190
 634 191
   1 192
   1 193
   1 194
   1 195
   1 196
 632 197
   1 198
   1 199
   1 200
   1 201
   1 202
   1 204
   1 205
   1 206
   1 217
  48 242
   1 243
   1 245
   1 246
   1 247
   1 248
   1 249
   1 250
   1 251
   1 252
   1 253
   1 254
  65 302
  67 303
   1 304
  49 305
  65 309
 251 312
  48 389
  48 390
  48 392
   1 394
  18 396
  18 399
  48 400
 103 404
 467 413
 465 414
 462 415
 463 416
 463 417
 463 418
 464 419
 465 420
 465 421
 465 422
 384 423
 465 424
 464 425
 465 426
 464 427
 463 428
 464 429
 465 430
 465 431
 465 432
 465 433
 463 434
 462 435
 465 436
 465 437
 465 438
 468 439
 469 440
 465 441
 463 442
 463 443
 465 444
 465 445
 465 446
 466 447
 466 448
 469 449
 467 450
 469 451
 465 452
 463 453
 463 454
 469 455
 472 456
 465 457
 473 458
 465 460
 473 461
 497 463
 484 464
 464 465
 249 466
 248 467
 472 468
 475 469
 549 470
 548 471
 472 472
 495 473
 515 474
 581 476
 496 477
 485 478
 494 479
 539 480
 578 481
 575 482
 463 483
 585 485
 492 486
 565 487
 488 488
 495 489
 529 490
 529 491
 529 492
 465 493
 261 494
 262 495
2940 496
  65 498
  53 500
   1 515
  49 533
  56 534
  49 535
 104 539
 265 550
  32 551
7017 552
 101 555
  49 556
  49 560
3811 562
2858 563
   3 568
 227 570
   1 571
 342 573
  49 574
  48 575
9774 580
  52 584
 245 585
  10 592
  64 594
  49 596
 347 598
2429 602
   4 603
  48 609
  48 610
  29 615
  64 616
  58 617
3490 618
  55 624
   9 626
   2 627
 130 634
  82 635
1165 640
 460 641
 217 643
 677 644
  59 645
  48 646
  64 647
 311 648
  50 649
   3 651
 345 654
  65 655
 105 666
  22 669
9542 670
  49 677
  49 678
   2 679
  64 681
  48 683
  47 685
   4 688
   3 689
   2 691
  14 692
