   1 3
 416 5
  31 6
  13 11
  49 13
  18 14
 134 17
 113 18
 348 19
 274 20
  72 29
   3 31
   9 33
 356 35
1523 36
  49 37
  65 43
  50 46
1104 47
  49 48
 134 49
  13 50
  49 52
  15 62
   4 63
   4 64
   5 65
   5 66
   4 67
   4 68
   4 69
   5 70
   4 71
   5 72
   4 73
   5 74
   4 75
   4 76
   4 77
   4 78
   4 79
   5 80
   4 81
   3 84
   4 85
   4 86
   3 87
   3 88
   3 89
   4 90
   3 91
   4 92
   7 93
   4 94
   4 95
   4 96
   3 97
   3 98
   4 99
   7 100
   3 101
   3 102
   5 103
   1 104
  49 105
   5 107
   3 108
   1 110
   1 112
  54 115
 107 116
 107 117
 131 118
  98 119
  83 121
  83 122
 257 123
 107 124
 431 125
 107 132
 104 134
   1 136
   1 137
 335 139
 339 141
  49 143
   2 144
   1 145
  84 146
  97 147
  97 148
  14 149
  90 150
  89 151
  90 152
  14 153
  84 154
  90 155
  83 156
  83 157
  90 158
  90 159
 129 160
  85 161
  90 162
  84 163
 124 164
   1 165
  84 166
  84 167
 129 168
  90 169
   1 170
  90 171
 725 172
   1 173
   9 174
  90 175
  85 176
  90 177
 123 178
   1 179
   7 180
  83 181
   7 182
 722 183
  85 184
   1 185
   7 186
  85 187
  90 188
  84 189
  97 190
 722 191
   1 192
   1 193
  90 194
  84 195
  90 196
 722 197
  84 198
   2 199
  79 200
  79 201
  79 202
  83 203
 123 204
  78 205
   1 206
  76 207
  85 208
  85 209
  85 210
  84 211
  85 212
  83 213
 124 214
   3 217
  83 218
  83 219
   1 220
  84 221
  85 222
  85 223
  85 224
  84 225
  85 226
  85 227
 124 228
  84 229
  13 230
 124 233
  85 234
  84 235
  85 237
 356 239
 343 241
  49 242
  84 243
  83 244
   1 245
   1 246
   1 247
   1 248
   1 249
  90 250
  90 251
   4 252
  90 253
   1 254
  85 257
  85 266
  85 276
  85 277
  85 278
  85 280
  84 286
   1 287
  85 288
  85 289
  83 294
  84 295
  84 296
  65 302
 403 303
   3 304
 387 305
  82 308
  65 309
  18 310
 986 311
 263 312
   2 317
 134 389
 134 390
  88 391
 134 392
  85 393
  86 394
 114 396
  14 397
   7 398
 113 399
  49 400
 108 404
  85 408
   2 410
  85 411
 687 413
 687 414
 602 415
 687 416
 685 417
 671 418
 686 419
 673 420
 602 421
 674 422
 597 423
 686 424
 587 425
 725 426
 671 427
 716 428
 712 429
 725 430
 686 431
 686 432
 673 433
 672 434
 674 435
 686 436
 589 437
 686 438
 589 439
 711 440
 589 441
 587 442
 678 443
 725 444
 725 445
 686 446
 686 447
 686 448
 711 449
 588 450
 590 451
 590 452
 683 453
 723 454
 711 455
 595 456
 686 457
 673 458
  13 459
 686 460
 686 461
  13 462
 672 463
 672 464
 710 465
 254 466
 254 467
 673 468
 587 469
 712 470
 589 471
 672 472
 710 473
 671 474
 589 476
 673 477
 712 478
 710 479
 587 480
 673 481
 596 482
 676 483
 589 485
 587 486
 587 487
 587 488
 590 489
 543 490
 543 491
 543 492
 687 493
 264 494
 266 495
2977 496
 320 497
  75 498
 411 500
  85 502
   1 506
   1 515
 382 533
 382 534
 382 535
   7 536
   1 538
 107 539
  85 547
 272 550
 333 551
10801 552
   5 554
77066 555
  59 556
 134 560
4445 562
2966 563
   1 567
 343 568
 254 570
   2 571
80430 573
  50 574
  52 575
10600 580
80430 584
 265 585
   2 588
  85 589
 343 592
  65 594
  49 596
   2 597
 350 598
   1 599
   1 600
2966 602
 338 603
  49 609
 134 610
   3 612
  29 615
  65 616
 393 617
3581 618
   1 620
  59 624
 343 626
 311 627
   2 631
 347 634
77398 635
1264 640
 595 641
 284 643
 703 644
  59 645
  58 646
 150 647
 363 648
 392 649
   4 651
  84 652
 350 654
  65 655
81686 666
 343 669
10616 670
  85 673
  49 677
  49 678
  85 679
  83 680
 150 681
  52 683
  49 685
   1 687
 343 688
 343 689
  85 691
 338 692
