   1 17
 106 18
   1 29
  23 36
 201 47
  37 48
   1 49
   1 105
   1 112
 103 116
   1 117
   1 118
   2 123
   1 124
  10 125
   1 132
   2 139
   8 172
   8 183
   8 191
   1 196
   8 197
   1 242
   1 249
   1 305
   4 312
   1 389
   1 390
   1 392
   1 400
   3 413
   3 414
   3 415
   3 416
   3 417
   3 418
   3 419
   3 420
   3 421
   3 422
  11 423
   3 424
   3 425
   3 426
   3 427
   3 428
   3 429
   3 430
   3 431
   3 432
   3 433
   3 434
   3 435
   3 436
   3 437
   3 438
   3 439
   3 440
   3 441
   3 442
   3 443
   3 444
   3 445
   3 446
   3 447
   3 448
   3 449
   3 450
   3 451
   3 452
   3 453
 250 454
   3 455
   3 456
   3 457
   3 458
   3 460
   3 461
   3 463
   3 464
   3 465
  41 466
   1 467
   3 468
   3 469
   4 470
   3 471
   3 472
   3 473
   3 474
   4 476
   3 477
   3 478
   3 479
   4 480
   4 481
   4 482
   3 483
   4 485
   3 486
   4 487
   3 488
   3 489
  26 490
  26 491
  26 492
   3 493
   3 494
   3 495
  34 496
   1 500
   1 533
  35 534
   1 535
   2 550
  29 551
  53 552
   1 556
   1 560
   8 562
  29 563
   1 568
   2 570
   1 574
   1 575
 193 580
   3 585
   1 594
   1 596
   3 598
  28 602
   1 603
   1 609
   1 610
   2 617
  51 618
   1 624
   1 626
   1 634
   3 640
   3 641
   2 643
   7 644
   1 645
   1 646
   1 648
   2 649
   3 654
  20 669
 155 670
   1 677
   1 678
   1 683
   1 688
   1 689
   1 691
  13 692
