   1 5
   8 18
   3 36
   1 43
 130 47
   4 48
  13 55
   3 123
   5 139
   3 172
   3 183
   3 191
   3 197
  52 241
   1 302
   1 303
   1 309
   3 312
   8 413
   8 414
   8 415
   8 416
   8 417
   8 418
   8 419
   8 420
   8 421
   8 422
   8 423
   8 424
   8 425
   8 426
   9 427
   8 428
   8 429
   8 430
   8 431
   8 432
   8 433
   8 434
   8 435
   8 436
   8 437
   8 438
   9 439
   9 440
   8 441
   8 442
   9 443
   8 444
   8 445
   8 446
   9 447
   9 448
   9 449
   9 450
   9 451
   8 452
   8 453
 161 454
   9 455
   9 456
   8 457
   9 458
   8 460
   8 461
   9 463
   9 464
   9 465
  33 466
   1 467
   9 468
   9 469
   9 470
   9 471
   9 472
   9 473
   9 474
   9 476
   9 477
   9 478
   9 479
   9 480
   9 481
   9 482
   8 483
   9 485
   9 486
   9 487
   9 488
   9 489
  33 490
  33 491
  33 492
   8 493
   3 494
   3 495
  24 496
   1 498
   9 534
   1 535
   7 550
 229 551
  61 552
   4 562
  31 563
  95 568
   1 570
  77 580
   3 585
   6 592
  30 602
  95 603
   1 616
  96 617
   6 618
  97 626
  95 634
   4 640
   9 641
   4 643
   5 644
   1 647
   5 648
  96 649
   1 655
   1 663
   1 666
 192 669
  71 670
  93 688
  94 689
 114 692
