   1 1
   1 3
 470 5
  19 6
   2 9
   6 11
  12 13
  12 14
  34 17
  10 18
 431 19
 101 20
   1 21
   8 24
  17 29
   1 31
   2 33
 436 35
1221 36
  12 37
   1 41
  38 43
  12 46
 739 47
   5 48
  34 49
   6 50
   7 51
   5 52
  13 55
   2 57
   7 59
   9 62
   1 63
   1 64
   6 65
   6 66
   1 67
   1 68
   1 69
   6 70
   5 71
   6 72
   5 73
   6 74
   1 75
   5 76
   1 77
   1 78
   1 79
   4 80
   1 81
   4 84
   1 85
   1 86
   4 88
   1 90
   1 92
   1 93
   1 94
   1 95
   1 96
   1 99
   2 100
  15 103
   1 104
   5 105
   6 107
   1 111
   1 113
  13 115
  16 116
   9 117
  41 118
  35 119
  29 121
  29 122
 178 123
   9 124
  37 125
   1 129
   7 130
   9 132
  35 134
   1 135
   1 136
   1 137
 419 139
 423 141
   5 143
   1 144
   1 145
  29 146
  35 147
  35 148
   6 149
  30 150
  30 151
  30 152
   6 153
  29 154
  30 155
  29 156
  29 157
  30 158
  30 159
  58 160
  28 161
  30 162
  29 163
  53 164
   1 165
  29 166
  29 167
  54 168
  30 169
   1 170
  30 171
 200 172
   1 173
   1 174
  30 175
  29 176
  30 177
  53 178
   1 179
   1 180
  29 181
   1 182
 200 183
  29 184
   1 186
  29 187
  30 188
  29 189
  35 190
 200 191
   1 192
  30 194
  29 195
  30 196
 200 197
  29 198
   1 199
  27 200
  27 201
  27 202
  29 203
  53 204
  27 205
  27 207
  29 208
  29 209
  29 210
  29 211
  29 212
  29 213
  53 214
  29 218
  29 219
   1 220
  29 221
  29 222
  29 223
  29 224
  29 225
  29 226
  29 227
  53 228
  29 229
   6 230
  53 233
  29 234
  29 235
  29 237
 435 239
 429 241
   5 242
  29 243
  29 244
   1 245
  30 250
  30 251
  30 253
   1 254
  29 257
  29 266
  29 276
  29 277
  29 278
  29 280
  29 286
   1 287
  29 288
  29 289
  29 294
  29 295
  29 296
  38 302
 459 303
 426 305
   7 306
  36 308
  38 309
  24 310
1061 311
 186 312
   2 313
   7 315
   1 317
   7 318
   7 322
   6 323
   7 324
   7 326
   7 327
   7 329
   7 332
   7 338
   7 342
   7 347
   7 351
   1 354
   1 358
   7 369
   7 371
   7 373
   7 378
   1 379
   1 380
   1 383
  34 389
  34 390
  30 391
  34 392
  29 393
  29 394
  47 396
  19 397
  14 398
  47 399
   5 400
   7 402
   9 404
  29 408
   7 409
   2 410
  29 411
 561 413
 561 414
 533 415
 561 416
 562 417
 556 418
 561 419
 555 420
 532 421
 555 422
 496 423
 561 424
 527 425
 585 426
 556 427
 581 428
 579 429
 585 430
 561 431
 561 432
 555 433
 556 434
 555 435
 561 436
 526 437
 561 438
 526 439
 580 440
 526 441
 527 442
 557 443
 585 444
 585 445
 561 446
 561 447
 561 448
 580 449
 529 450
 527 451
 527 452
 562 453
 586 454
 580 455
 527 456
 561 457
 555 458
   6 459
 561 460
 561 461
   6 462
 556 463
 556 464
 580 465
 169 466
 169 467
 555 468
 527 469
 579 470
 527 471
 555 472
 580 473
 556 474
   2 475
 526 476
 555 477
 579 478
 580 479
 527 480
 555 481
 528 482
 557 483
 526 485
 527 486
 527 487
 527 488
 527 489
 491 490
 491 491
 491 492
 561 493
 171 494
 172 495
2167 496
 409 497
  42 498
 442 500
  29 502
   1 506
   1 515
 423 533
 423 534
 423 535
   3 536
   8 537
   1 538
   9 539
   1 545
   8 546
  30 547
 662 550
 418 551
5659 552
  16 554
70535 555
  27 556
   1 557
   7 559
  34 560
 196 562
2162 563
   4 564
 429 568
 176 570
   7 572
77708 573
   8 574
  10 575
5599 580
   4 582
   7 583
77708 584
 173 585
  30 589
   2 590
   2 591
 430 592
  14 594
   7 595
  12 596
   7 597
   2 598
2168 602
 425 603
   5 609
  34 610
   2 613
   7 614
   8 615
  38 616
 434 617
 441 618
   2 620
   7 624
 430 626
 408 627
   8 630
   7 632
 433 634
70995 635
   7 638
   7 639
 821 640
 541 641
 200 643
 232 644
   7 645
  41 646
  67 647
 348 648
 434 649
   4 650
   1 651
  29 652
   9 654
  38 655
   1 656
   1 657
   1 659
   1 660
   1 663
78593 666
 429 669
5599 670
   1 672
  29 673
   5 677
   5 678
  29 679
  29 680
  67 681
  11 683
   7 684
   5 685
   1 686
 429 688
 430 689
  29 691
 427 692
