   7 5
   9 6
   1 9
   4 13
  12 14
   5 17
   8 18
   1 19
   1 24
   4 29
   1 35
 253 36
   4 37
   1 41
  38 43
   4 46
 718 47
   4 48
   5 49
   4 52
  13 55
   2 103
   5 105
   1 113
   4 115
   3 116
   8 117
   4 118
 153 123
   8 124
   8 132
   9 139
   3 141
   4 143
 156 172
 161 183
 161 191
 164 197
   1 239
  60 241
   5 242
  38 302
  38 303
   4 305
  37 309
 156 312
   5 389
   5 390
   1 391
   5 392
  11 396
  13 397
  13 398
  11 399
   5 400
   3 404
 499 413
 497 414
 500 415
 498 416
 499 417
 500 418
 497 419
 496 420
 499 421
 499 422
 426 423
 499 424
 498 425
 499 426
 500 427
 499 428
 500 429
 500 430
 499 431
 499 432
 499 433
 500 434
 499 435
 499 436
 498 437
 499 438
 500 439
 501 440
 498 441
 498 442
 500 443
 500 444
 500 445
 498 446
 501 447
 500 448
 501 449
 503 450
 501 451
 499 452
 499 453
 500 454
 501 455
 501 456
 499 457
 500 458
 499 460
 501 461
 505 463
 505 464
 501 465
 152 466
 151 467
 501 468
 504 469
 505 470
 507 471
 500 472
 510 473
 511 474
   1 475
 511 476
 504 477
 504 478
 502 479
 510 480
 510 481
 508 482
 502 483
 512 485
 503 486
 506 487
 502 488
 501 489
 461 490
 461 491
 463 492
 498 493
 159 494
 153 495
2061 496
  38 498
   6 500
   1 506
   1 515
   8 533
  21 534
   9 535
   1 537
   3 539
   1 546
 649 550
 234 551
3515 552
   1 554
 208 555
   5 556
   5 560
 194 562
2084 563
   4 564
 135 568
 166 570
 687 573
   4 574
   5 575
5543 580
   1 582
 122 584
 159 585
   1 589
   2 590
   1 591
  20 592
   6 594
   5 596
   2 598
2052 602
 130 603
   5 609
   5 610
   1 613
   6 615
  35 616
 147 617
 416 618
   6 624
 145 626
 122 627
   1 630
 150 634
 141 635
 274 640
 499 641
 179 643
 226 644
   7 645
   5 646
  37 647
 331 648
 141 649
   1 650
   1 651
   2 654
  38 655
   1 663
 197 666
 199 669
5117 670
   1 672
   5 677
   5 678
  34 681
   5 683
   5 685
   1 686
 131 688
 125 689
 120 692
